5,5,5,5,5,5,5,5,5,5,5,5,3678,3678,3678,3678,3678,3678,3678,3678,3678,3678,3678,3678,3678,3678,3678,3277,3277,3277,3277,3277,3277,3277,3277,3277,3277,3277,3277,3277,3277,628,628,628,628,628,628,628,628,628,628,628,628,628,628,628,457,457,457,457,457,457,457,457,457,457,457,457,457,457,457,3148,3148,3148,3148,3148,3148,3148,3148,3148,3148,3148,3148,3148,3148,3148,3789,3789,3789,3789
4,4,4,4,4,4,4,4,4,4,4,4,4,4,4,3926,3926,3926,3926,3926,3926,3926,3926,3926,3926,3926,3926,3926,3926,3926,2704,2704,2704,2704,2704,2704,2704,2704,2704,2704,2704,2704,2704,2704,2704,261,261,261,261,261,261,261,261,261,261,261,261,261,261,902,902,902,902,902,902,902,902,902,902,902,902,902,902,902,3584,3584,3584,3584,3584,3584,3584,3584,3584,3584,3584,3584,3584,3584,3584,3379
4,4,4,2200,2200,2200,2200,2200,2200,2200,2200,2200,2200,2200,2200,2200,2200,2200,3999,3999,3999,3999,3999,3999,3999,3999,3999,3999,3999,3999,3999,3999,3999,2281,2281,2281,2281,2281,2281,2281,2281,2281,2281,2281,2281,2281,2281,49,49,49,49,49,49,49,49,49,49,49,49,49,49,49,1441,1441,1441,1441,1441,1441,1441,1441,1441,1441,1441,1441,1441,1441,1441,3869,3869,3869,3869,3869,3869,3869,3869,3869,3869,3869,3869,3869
5,5,5,5,2398,2398,2398,2398,2398,2398,2398,2398,2398,2398,2398,2398,2398,2398,2398,3986,3986,3986,3986,3986,3986,3986,3986,3986,3986,3986,3986,3986,3986,3986,2083,2083,2083,2083,2083,2083,2083,2083,2083,2083,2083,2083,2083,2083,16,16,16,16,16,16,16,16,16,16,16,16,16,16,16,1632,1632,1632,1632,1632,1632,1632,1632,1632,1632,1632,1632,1632,1632,1632,3907,3907,3907,3907,3907,3907,3907,3907,3907,3907,3907,3907
4,4,20,20,20,20,20,20,20,20,20,20,20,20,20,20,3971,3971,3971,3971,3971,3971,3971,3971,3971,3971,3971,3971,3971,3971,3971,2480,2480,2480,2480,2480,2480,2480,2480,2480,2480,2480,2480,2480,2480,2480,116,116,116,116,116,116,116,116,116,116,116,116,116,116,1073,1073,1073,1073,1073,1073,1073,1073,1073,1073,1073,1073,1073,1073,1073,3700,3700,3700,3700,3700,3700,3700,3700,3700,3700,3700,3700,3700,3700,3700
5,5,5,5,5,5,5,5,5,5,5,5,5,3759,3759,3759,3759,3759,3759,3759,3759,3759,3759,3759,3759,3759,3759,3327,3197,3197,3197,3197,3197,3197,3197,3197,3197,3197,3197,3197,3197,3197,491,491,491,491,491,491,491,491,491,491,491,491,491,491,491,589,589,589,589,589,589,589,589,589,589,589,589,589,589,589,3257,3257,3257,3257,3257,3257,3257,3257,3257,3257,3257,3257,3257,3257,3709,3709,3709,3709
5,5,5,5,5,5,5,5,5,5,5,5,3682,3682,3682,3682,3682,3682,3682,3682,3682,3682,3682,3682,3682,3682,3682,3212,3212,3212,3212,3212,3212,3212,3212,3212,3212,3212,3212,3212,3212,3212,628,628,628,628,628,628,628,628,628,628,628,628,628,628,457,457,457,457,457,457,457,457,457,457,457,457,457,457,457,3154,3154,3154,3154,3154,3154,3154,3154,3154,3154,3154,3154,3154,3154,3154,3742,3742,3742,3742
4,4,4,4,4,4,4,4,3128,3128,3128,3128,3128,3128,3128,3128,3128,3128,3128,3128,3128,3128,3128,3742,3742,3742,3742,3742,3742,3742,3742,3742,3742,3742,3742,3742,3742,3742,1300,1300,1300,1300,1300,1300,1300,1300,1300,1300,1300,1300,1300,1300,87,87,87,87,87,87,87,87,87,87,87,87,87,87,87,2429,2429,2429,2429,2429,2429,2429,2429,2429,2429,2429,2429,2429,2429,2429,3985,3985,3985,3985,3985,3985,3985,3985
5,5,5,5,5,5,5,5,5,5,5,3566,3566,3566,3566,3566,3566,3566,3566,3566,3566,3566,3566,3566,3566,3566,3353,3353,3353,3353,3353,3353,3353,3353,3353,3353,3353,3353,3353,3353,3353,649,649,649,649,649,649,649,649,649,649,649,649,649,649,649,339,339,339,339,339,339,339,339,339,339,339,339,339,339,2987,2987,2987,2987,2987,2987,2987,2987,2987,2987,2987,2987,2987,2987,2987,3806,3806,3806,3806,3806
5,5,5,5,5,5,5,5,2960,2960,2960,2960,2960,2960,2960,2960,2960,2960,2960,2960,2960,2960,3821,3821,3821,3821,3821,3821,3821,3821,3821,3821,3821,3821,3821,3821,3821,1300,1300,1300,1300,1300,1300,1300,1300,1300,1300,1300,1300,1300,1300,1300,81,81,81,81,81,81,81,81,81,81,81,81,81,81,81,2234,2234,2234,2234,2234,2234,2234,2234,2234,2234,2234,2234,2234,2234,3999,3999,3999,3999,3999,3999,3999,3999,3999
4,4,4,4,4,4,4,4,4,4,4,3567,3567,3567,3567,3567,3567,3567,3567,3567,3567,3567,3567,3567,3567,3567,3356,3356,3356,3356,3356,3356,3356,3356,3356,3356,3356,3356,3356,3356,3356,699,699,699,699,699,699,699,699,699,699,699,699,699,699,339,339,339,339,339,339,339,339,339,339,339,339,339,339,339,2987,2987,2987,2987,2987,2987,2987,2987,2987,2987,2987,2987,2987,2987,2987,3813,3813,3813,3813,3813
4,4,4,4,4,4,4,4,4,4,4,3565,3565,3565,3565,3565,3565,3565,3565,3565,3565,3565,3565,3565,3565,3565,3380,3380,3380,3380,3380,3380,3380,3380,3380,3380,3380,3380,3380,3380,3380,778,778,778,778,778,778,778,778,778,778,778,778,778,778,339,339,339,339,339,339,339,339,339,339,339,339,339,339,339,2982,2982,2982,2982,2982,2982,2982,2982,2982,2982,2982,2982,2982,2982,2982,3855,3855,3855,3855,3855
5,5,5,5,5,5,5,5,5,5,5,5,5,5,3860,3860,3860,3860,3860,3860,3860,3860,3860,3860,3860,3860,3860,3860,3860,2966,2966,2966,2966,2966,2966,2966,2966,2966,2966,2966,2966,2966,2966,367,367,367,367,367,367,367,367,367,367,367,367,367,367,367,739,739,739,739,739,739,739,739,739,739,739,739,739,739,739,3447,3447,3447,3447,3447,3447,3447,3447,3447,3447,3447,3447,3447,3447,3447,3569,3569
5,5,5,5,5,5,5,5,3129,3129,3129,3129,3129,3129,3129,3129,3129,3129,3129,3129,3129,3129,3129,3727,3727,3727,3727,3727,3727,3727,3727,3727,3727,3727,3727,3727,3727,3727,1122,1122,1122,1122,1122,1122,1122,1122,1122,1122,1122,1122,1122,1122,1122,105,105,105,105,105,105,105,105,105,105,105,105,105,105,2431,2431,2431,2431,2431,2431,2431,2431,2431,2431,2431,2431,2431,2431,2431,3980,3980,3980,3980,3980,3980,3980,3980
4,4,4,4,4,4,4,4,4,4,4,4,4,4,3865,3865,3865,3865,3865,3865,3865,3865,3865,3865,3865,3865,3865,3865,3865,2856,2856,2856,2856,2856,2856,2856,2856,2856,2856,2856,2856,2856,2856,2856,278,278,278,278,278,278,278,278,278,278,278,278,278,278,278,741,741,741,741,741,741,741,741,741,741,741,741,741,741,3457,3457,3457,3457,3457,3457,3457,3457,3457,3457,3457,3457,3457,3457,3457,3475,3475
5,5,5,5,5,5,5,2957,2957,2957,2957,2957,2957,2957,2957,2957,2957,2957,2957,2957,2957,2957,3825,3825,3825,3825,3825,3825,3825,3825,3825,3825,3825,3825,3825,3825,3825,1445,1445,1445,1445,1445,1445,1445,1445,1445,1445,1445,1445,1445,1445,41,41,41,41,41,41,41,41,41,41,41,41,41,41,41,2233,2233,2233,2233,2233,2233,2233,2233,2233,2233,2233,2233,2233,2233,2233,3998,3998,3998,3998,3998,3998,3998,3998,3998
5,4,4,4,4,4,4,4,4,4,4,4,4,4,4,3927,3927,3927,3927,3927,3927,3927,3927,3927,3927,3927,3927,3927,3927,3927,2672,2672,2672,2672,2672,2672,2672,2672,2672,2672,2672,2672,2672,2672,2672,191,191,191,191,191,191,191,191,191,191,191,191,191,191,191,902,902,902,902,902,902,902,902,902,902,902,902,902,902,3586,3586,3586,3586,3586,3586,3586,3586,3586,3586,3586,3586,3586,3586,3586,3330
4,4,4,4,4,4,4,4,4,4,4,3436,3436,3436,3436,3436,3436,3436,3436,3436,3436,3436,3436,3436,3436,3491,3491,3491,3491,3491,3491,3491,3491,3491,3491,3491,3491,3491,3491,3491,783,783,783,783,783,783,783,783,783,783,783,783,783,783,783,277,277,277,277,277,277,277,277,277,277,277,277,277,277,2810,2810,2810,2810,2810,2810,2810,2810,2810,2810,2810,2810,2810,2810,2810,3882,3882,3882,3882,3882,3882
5,5,5,5,2398,2398,2398,2398,2398,2398,2398,2398,2398,2398,2398,2398,2398,2398,2398,3982,3982,3982,3982,3982,3982,3982,3982,3982,3982,3982,3982,3982,3982,3982,1888,1888,1888,1888,1888,1888,1888,1888,1888,1888,1888,1888,1888,1888,1888,15,15,15,15,15,15,15,15,15,15,15,15,15,15,1636,1636,1636,1636,1636,1636,1636,1636,1636,1636,1636,1636,1636,1636,1636,3936,3936,3936,3936,3936,3936,3936,3936,3936,3936,3936,3936
4,4,4,4,4,4,4,4,4,4,3287,3287,3287,3287,3287,3287,3287,3287,3287,3287,3287,3287,3287,3287,3618,3618,3618,3618,3618,3618,3618,3618,3618,3618,3618,3618,3618,3618,3618,946,946,946,946,946,946,946,946,946,946,946,946,946,946,946,201,201,201,201,201,201,201,201,201,201,201,201,201,201,2624,2624,2624,2624,2624,2624,2624,2624,2624,2624,2624,2624,2624,2624,2624,3941,3941,3941,3941,3941,3941,3941
5,5,5,5,5,2490,2490,2490,2490,2490,2490,2490,2490,2490,2490,2490,2490,2490,2490,3984,3984,3984,3984,3984,3984,3984,3984,3984,3984,3984,3984,3984,3984,3984,1883,1883,1883,1883,1883,1883,1883,1883,1883,1883,1883,1883,1883,1883,1883,10,10,10,10,10,10,10,10,10,10,10,10,10,10,10,1675,1675,1675,1675,1675,1675,1675,1675,1675,1675,1675,1675,1675,1675,3936,3936,3936,3936,3936,3936,3936,3936,3936,3936,3936,3936
4,4,4,4,4,4,4,4,4,4,4,4,4,3683,3683,3683,3683,3683,3683,3683,3683,3683,3683,3683,3683,3683,3683,3197,3197,3197,3197,3197,3197,3197,3197,3197,3197,3197,3197,3197,3197,3197,493,493,493,493,493,493,493,493,493,493,493,493,493,493,493,549,549,549,549,549,549,549,549,549,549,549,549,549,549,3157,3157,3157,3157,3157,3157,3157,3157,3157,3157,3157,3157,3157,3157,3157,3710,3710,3710,3710
4,4,4,4,4,4,2690,2690,2690,2690,2690,2690,2690,2690,2690,2690,2690,2690,2690,2690,3949,3949,3949,3949,3949,3949,3949,3949,3949,3949,3949,3949,3949,3949,3949,1685,1685,1685,1685,1685,1685,1685,1685,1685,1685,1685,1685,1685,1685,1685,6,6,6,6,6,6,6,6,6,6,6,6,6,6,6,1886,1886,1886,1886,1886,1886,1886,1886,1886,1886,1886,1886,1886,1886,3977,3977,3977,3977,3977,3977,3977,3977,3977,3977,3977
4,4,4,4,4,4,4,4,4,4,4,4,3683,3683,3683,3683,3683,3683,3683,3683,3683,3683,3683,3683,3683,3683,3683,3200,3200,3200,3200,3200,3200,3200,3200,3200,3200,3200,3200,3200,3200,3200,534,534,534,534,534,534,534,534,534,534,534,534,534,534,457,457,457,457,457,457,457,457,457,457,457,457,457,457,457,3156,3156,3156,3156,3156,3156,3156,3156,3156,3156,3156,3156,3156,3156,3156,3715,3715,3715,3715
4,4,4,2200,2200,2200,2200,2200,2200,2200,2200,2200,2200,2200,2200,2200,2200,2200,3999,3999,3999,3999,3999,3999,3999,3999,3999,3999,3999,3999,3999,3999,3999,2274,2274,2274,2274,2274,2274,2274,2274,2274,2274,2274,2274,2274,2274,49,49,49,49,49,49,49,49,49,49,49,49,49,49,49,1439,1439,1439,1439,1439,1439,1439,1439,1439,1439,1439,1439,1439,1439,1439,3848,3848,3848,3848,3848,3848,3848,3848,3848,3848,3848,3848,3848
4,4,4,4,2398,2398,2398,2398,2398,2398,2398,2398,2398,2398,2398,2398,2398,2398,2398,3984,3984,3984,3984,3984,3984,3984,3984,3984,3984,3984,3984,3984,3984,3984,1951,1951,1951,1951,1951,1951,1951,1951,1951,1951,1951,1951,1951,1951,15,15,15,15,15,15,15,15,15,15,15,15,15,15,15,1636,1636,1636,1636,1636,1636,1636,1636,1636,1636,1636,1636,1636,1636,1636,3931,3931,3931,3931,3931,3931,3931,3931,3931,3931,3931,3931
5,5,5,5,5,5,5,2956,2956,2956,2956,2956,2956,2956,2956,2956,2956,2956,2956,2956,2956,2956,3848,3848,3848,3848,3848,3848,3848,3848,3848,3848,3848,3848,3848,3848,1490,1490,1490,1490,1490,1490,1490,1490,1490,1490,1490,1490,1490,1490,1490,51,51,51,51,51,51,51,51,51,51,51,51,51,51,51,2223,2223,2223,2223,2223,2223,2223,2223,2223,2223,2223,2223,2223,2223,2223,3997,3997,3997,3997,3997,3997,3997,3997,3997
5,5,5,5,2375,2375,2375,2375,2375,2375,2375,2375,2375,2375,2375,2375,2375,2375,2375,3999,3999,3999,3999,3999,3999,3999,3999,3999,3999,3999,3999,3999,3999,2084,2084,2084,2084,2084,2084,2084,2084,2084,2084,2084,2084,2084,2084,2084,18,18,18,18,18,18,18,18,18,18,18,18,18,18,18,1569,1569,1569,1569,1569,1569,1569,1569,1569,1569,1569,1569,1569,1569,3876,3876,3876,3876,3876,3876,3876,3876,3876,3876,3876,3876,3876
4,4,4,4,4,4,4,4,3128,3128,3128,3128,3128,3128,3128,3128,3128,3128,3128,3128,3128,3128,3128,3736,3736,3736,3736,3736,3736,3736,3736,3736,3736,3736,3736,3736,3736,3736,1294,1294,1294,1294,1294,1294,1294,1294,1294,1294,1294,1294,1294,1294,87,87,87,87,87,87,87,87,87,87,87,87,87,87,87,2430,2430,2430,2430,2430,2430,2430,2430,2430,2430,2430,2430,2430,2430,2430,3983,3983,3983,3983,3983,3983,3983,3983
4,4,4,4,4,2422,2422,2422,2422,2422,2422,2422,2422,2422,2422,2422,2422,2422,2422,3983,3983,3983,3983,3983,3983,3983,3983,3983,3983,3983,3983,3983,3983,3983,1883,1883,1883,1883,1883,1883,1883,1883,1883,1883,1883,1883,1883,1883,1883,12,12,12,12,12,12,12,12,12,12,12,12,12,12,12,1636,1636,1636,1636,1636,1636,1636,1636,1636,1636,1636,1636,1636,1636,3936,3936,3936,3936,3936,3936,3936,3936,3936,3936,3936,3936
5,5,5,5,5,5,5,5,5,5,5,5,5,5,5,3927,3927,3927,3927,3927,3927,3927,3927,3927,3927,3927,3927,3927,3927,3927,2673,2673,2673,2673,2673,2673,2673,2673,2673,2673,2673,2673,2673,2673,2673,200,200,200,200,200,200,200,200,200,200,200,200,200,200,200,902,902,902,902,902,902,902,902,902,902,902,902,902,902,3587,3587,3587,3587,3587,3587,3587,3587,3587,3587,3587,3587,3587,3587,3587,3329
5,5,5,5,5,5,2776,2776,2776,2776,2776,2776,2776,2776,2776,2776,2776,2776,2776,2776,2776,3914,3914,3914,3914,3914,3914,3914,3914,3914,3914,3914,3914,3914,3914,1685,1685,1685,1685,1685,1685,1685,1685,1685,1685,1685,1685,1685,1685,1685,7,7,7,7,7,7,7,7,7,7,7,7,7,7,7,2031,2031,2031,2031,2031,2031,2031,2031,2031,2031,2031,2031,2031,2031,2031,3991,3991,3991,3991,3991,3991,3991,3991,3991,3991
4,4,4,4,4,4,4,4,4,4,4,4,4,4,3862,3862,3862,3862,3862,3862,3862,3862,3862,3862,3862,3862,3862,3862,3862,2915,2915,2915,2915,2915,2915,2915,2915,2915,2915,2915,2915,2915,2915,367,367,367,367,367,367,367,367,367,367,367,367,367,367,367,740,740,740,740,740,740,740,740,740,740,740,740,740,740,740,3453,3453,3453,3453,3453,3453,3453,3453,3453,3453,3453,3453,3453,3453,3453,3515,3515
4,4,4,4,4,4,4,4,4,4,4,4,3646,3646,3646,3646,3646,3646,3646,3646,3646,3646,3646,3646,3646,3646,3350,3350,3350,3350,3350,3350,3350,3350,3350,3350,3350,3350,3350,3350,3350,628,628,628,628,628,628,628,628,628,628,628,628,628,628,628,452,452,452,452,452,452,452,452,452,452,452,452,452,452,452,3036,3036,3036,3036,3036,3036,3036,3036,3036,3036,3036,3036,3036,3036,3805,3805,3805,3805,3805
4,4,1867,1867,1867,1867,1867,1867,1867,1867,1867,1867,1867,1867,1867,1867,1867,3991,3991,3991,3991,3991,3991,3991,3991,3991,3991,3991,3991,3991,3991,3991,2479,2479,2479,2479,2479,2479,2479,2479,2479,2479,2479,2479,2479,2479,102,102,102,102,102,102,102,102,102,102,102,102,102,102,102,1251,1251,1251,1251,1251,1251,1251,1251,1251,1251,1251,1251,1251,1251,1251,3748,3748,3748,3748,3748,3748,3748,3748,3748,3748,3748,3748,3748,3748
4,4,1934,1934,1934,1934,1934,1934,1934,1934,1934,1934,1934,1934,1934,1934,1934,3992,3992,3992,3992,3992,3992,3992,3992,3992,3992,3992,3992,3992,3992,3992,2479,2479,2479,2479,2479,2479,2479,2479,2479,2479,2479,2479,2479,2479,102,102,102,102,102,102,102,102,102,102,102,102,102,102,102,1252,1252,1252,1252,1252,1252,1252,1252,1252,1252,1252,1252,1252,1252,1252,3767,3767,3767,3767,3767,3767,3767,3767,3767,3767,3767,3767,3767,3767
4,4,4,4,4,4,2780,2780,2780,2780,2780,2780,2780,2780,2780,2780,2780,2780,2780,2780,2780,3894,3894,3894,3894,3894,3894,3894,3894,3894,3894,3894,3894,3894,3894,3894,1499,1499,1499,1499,1499,1499,1499,1499,1499,1499,1499,1499,1499,1499,1499,9,9,9,9,9,9,9,9,9,9,9,9,9,9,2034,2034,2034,2034,2034,2034,2034,2034,2034,2034,2034,2034,2034,2034,2034,3997,3997,3997,3997,3997,3997,3997,3997,3997,3997
4,4,4,4,4,4,4,4,4,4,4,4,4,4,4,4,3928,3928,3928,3928,3928,3928,3928,3928,3928,3928,3928,3928,3928,3928,2671,2671,2671,2671,2671,2671,2671,2671,2671,2671,2671,2671,2671,2671,2671,173,173,173,173,173,173,173,173,173,173,173,173,173,173,173,1060,1060,1060,1060,1060,1060,1060,1060,1060,1060,1060,1060,1060,1060,1060,3599,3599,3599,3599,3599,3599,3599,3599,3599,3599,3599,3599,3599,3599,3327
4,4,4,4,4,4,4,4,2959,2959,2959,2959,2959,2959,2959,2959,2959,2959,2959,2959,2959,2959,3820,3820,3820,3820,3820,3820,3820,3820,3820,3820,3820,3820,3820,3820,3820,1300,1300,1300,1300,1300,1300,1300,1300,1300,1300,1300,1300,1300,1300,1300,81,81,81,81,81,81,81,81,81,81,81,81,81,81,81,2234,2234,2234,2234,2234,2234,2234,2234,2234,2234,2234,2234,2234,2234,3998,3998,3998,3998,3998,3998,3998,3998,3998
4,4,4,4,4,4,4,4,3122,3122,3122,3122,3122,3122,3122,3122,3122,3122,3122,3122,3122,3122,3122,3793,3793,3793,3793,3793,3793,3793,3793,3793,3793,3793,3793,3793,3793,1299,1299,1299,1299,1299,1299,1299,1299,1299,1299,1299,1299,1299,1299,1299,88,88,88,88,88,88,88,88,88,88,88,88,88,88,88,2405,2405,2405,2405,2405,2405,2405,2405,2405,2405,2405,2405,2405,2405,2405,3999,3999,3999,3999,3999,3999,3999,3999
4,4,4,4,4,4,4,4,4,4,4,4,4,4,4,3925,3925,3925,3925,3925,3925,3925,3925,3925,3925,3925,3925,3925,3925,3925,2771,2771,2771,2771,2771,2771,2771,2771,2771,2771,2771,2771,2771,2771,261,261,261,261,261,261,261,261,261,261,261,261,261,261,261,901,901,901,901,901,901,901,901,901,901,901,901,901,901,901,3581,3581,3581,3581,3581,3581,3581,3581,3581,3581,3581,3581,3581,3581,3581,3411
5,5,5,5,5,5,5,2957,2957,2957,2957,2957,2957,2957,2957,2957,2957,2957,2957,2957,2957,2957,3832,3832,3832,3832,3832,3832,3832,3832,3832,3832,3832,3832,3832,3832,3832,1491,1491,1491,1491,1491,1491,1491,1491,1491,1491,1491,1491,1491,1491,44,44,44,44,44,44,44,44,44,44,44,44,44,44,44,2231,2231,2231,2231,2231,2231,2231,2231,2231,2231,2231,2231,2231,2231,2231,3999,3999,3999,3999,3999,3999,3999,3999,3999
4,4,4,4,4,4,4,4,4,4,3410,3410,3410,3410,3410,3410,3410,3410,3410,3410,3410,3410,3410,3410,3410,3617,3617,3617,3617,3617,3617,3617,3617,3617,3617,3617,3617,3617,3617,943,943,943,943,943,943,943,943,943,943,943,943,943,943,943,234,234,234,234,234,234,234,234,234,234,234,234,234,234,234,2734,2734,2734,2734,2734,2734,2734,2734,2734,2734,2734,2734,2734,2734,3941,3941,3941,3941,3941,3941,3941
5,5,5,2197,2197,2197,2197,2197,2197,2197,2197,2197,2197,2197,2197,2197,2197,2197,3998,3998,3998,3998,3998,3998,3998,3998,3998,3998,3998,3998,3998,3998,2283,2283,2283,2283,2283,2283,2283,2283,2283,2283,2283,2283,2283,2283,2283,49,49,49,49,49,49,49,49,49,49,49,49,49,49,49,1430,1430,1430,1430,1430,1430,1430,1430,1430,1430,1430,1430,1430,1430,1430,3800,3800,3800,3800,3800,3800,3800,3800,3800,3800,3800,3800,3800
5,5,5,5,5,5,5,5,3129,3129,3129,3129,3129,3129,3129,3129,3129,3129,3129,3129,3129,3129,3129,3726,3726,3726,3726,3726,3726,3726,3726,3726,3726,3726,3726,3726,3726,3726,1118,1118,1118,1118,1118,1118,1118,1118,1118,1118,1118,1118,1118,1118,1118,140,140,140,140,140,140,140,140,140,140,140,140,140,140,140,2431,2431,2431,2431,2431,2431,2431,2431,2431,2431,2431,2431,2431,2431,3979,3979,3979,3979,3979,3979,3979,3979
4,4,4,4,4,4,4,4,3010,3010,3010,3010,3010,3010,3010,3010,3010,3010,3010,3010,3010,3010,3819,3819,3819,3819,3819,3819,3819,3819,3819,3819,3819,3819,3819,3819,3819,1300,1300,1300,1300,1300,1300,1300,1300,1300,1300,1300,1300,1300,1300,1300,82,82,82,82,82,82,82,82,82,82,82,82,82,82,82,2234,2234,2234,2234,2234,2234,2234,2234,2234,2234,2234,2234,2234,2234,3998,3998,3998,3998,3998,3998,3998,3998,3998
5,5,1993,1993,1993,1993,1993,1993,1993,1993,1993,1993,1993,1993,1993,1993,1993,3995,3995,3995,3995,3995,3995,3995,3995,3995,3995,3995,3995,3995,3995,3995,2336,2336,2336,2336,2336,2336,2336,2336,2336,2336,2336,2336,2336,2336,2336,102,102,102,102,102,102,102,102,102,102,102,102,102,102,1254,1254,1254,1254,1254,1254,1254,1254,1254,1254,1254,1254,1254,1254,1254,3794,3794,3794,3794,3794,3794,3794,3794,3794,3794,3794,3794,3794,3794
5,5,5,5,5,5,2702,2702,2702,2702,2702,2702,2702,2702,2702,2702,2702,2702,2702,2702,3949,3949,3949,3949,3949,3949,3949,3949,3949,3949,3949,3949,3949,3949,3949,1685,1685,1685,1685,1685,1685,1685,1685,1685,1685,1685,1685,1685,1685,1685,6,6,6,6,6,6,6,6,6,6,6,6,6,6,6,1847,1847,1847,1847,1847,1847,1847,1847,1847,1847,1847,1847,1847,1847,3976,3976,3976,3976,3976,3976,3976,3976,3976,3976,3976
5,5,5,5,5,5,5,5,5,5,5,5,5,5,5,3864,3864,3864,3864,3864,3864,3864,3864,3864,3864,3864,3864,3864,3864,2855,2855,2855,2855,2855,2855,2855,2855,2855,2855,2855,2855,2855,2855,2855,264,264,264,264,264,264,264,264,264,264,264,264,264,264,264,855,855,855,855,855,855,855,855,855,855,855,855,855,855,3457,3457,3457,3457,3457,3457,3457,3457,3457,3457,3457,3457,3457,3457,3457,3469,3469
4,4,4,4,4,4,4,4,4,4,4,4,4,3684,3684,3684,3684,3684,3684,3684,3684,3684,3684,3684,3684,3684,3684,3198,3198,3198,3198,3198,3198,3198,3198,3198,3198,3198,3198,3198,3198,3198,494,494,494,494,494,494,494,494,494,494,494,494,494,494,494,547,547,547,547,547,547,547,547,547,547,547,547,547,547,3157,3157,3157,3157,3157,3157,3157,3157,3157,3157,3157,3157,3157,3157,3157,3709,3709,3709,3709
4,4,2000,2000,2000,2000,2000,2000,2000,2000,2000,2000,2000,2000,2000,2000,2000,3996,3996,3996,3996,3996,3996,3996,3996,3996,3996,3996,3996,3996,3996,3996,2287,2287,2287,2287,2287,2287,2287,2287,2287,2287,2287,2287,2287,2287,2287,76,76,76,76,76,76,76,76,76,76,76,76,76,76,1254,1254,1254,1254,1254,1254,1254,1254,1254,1254,1254,1254,1254,1254,1254,3797,3797,3797,3797,3797,3797,3797,3797,3797,3797,3797,3797,3797,3797
5,5,5,5,5,5,5,2958,2958,2958,2958,2958,2958,2958,2958,2958,2958,2958,2958,2958,2958,2958,3825,3825,3825,3825,3825,3825,3825,3825,3825,3825,3825,3825,3825,3825,3825,1436,1436,1436,1436,1436,1436,1436,1436,1436,1436,1436,1436,1436,1436,41,41,41,41,41,41,41,41,41,41,41,41,41,41,41,2233,2233,2233,2233,2233,2233,2233,2233,2233,2233,2233,2233,2233,2233,2233,3999,3999,3999,3999,3999,3999,3999,3999,3999
5,5,5,5,5,5,5,5,3128,3128,3128,3128,3128,3128,3128,3128,3128,3128,3128,3128,3128,3128,3128,3733,3733,3733,3733,3733,3733,3733,3733,3733,3733,3733,3733,3733,3733,3733,1256,1256,1256,1256,1256,1256,1256,1256,1256,1256,1256,1256,1256,1256,87,87,87,87,87,87,87,87,87,87,87,87,87,87,87,2430,2430,2430,2430,2430,2430,2430,2430,2430,2430,2430,2430,2430,2430,2430,3983,3983,3983,3983,3983,3983,3983,3983
5,5,5,5,2397,2397,2397,2397,2397,2397,2397,2397,2397,2397,2397,2397,2397,2397,2397,3983,3983,3983,3983,3983,3983,3983,3983,3983,3983,3983,3983,3983,3983,3983,1909,1909,1909,1909,1909,1909,1909,1909,1909,1909,1909,1909,1909,1909,1909,15,15,15,15,15,15,15,15,15,15,15,15,15,15,1637,1637,1637,1637,1637,1637,1637,1637,1637,1637,1637,1637,1637,1637,1637,3934,3934,3934,3934,3934,3934,3934,3934,3934,3934,3934,3934
5,5,5,5,5,5,5,5,3126,3126,3126,3126,3126,3126,3126,3126,3126,3126,3126,3126,3126,3126,3126,3760,3760,3760,3760,3760,3760,3760,3760,3760,3760,3760,3760,3760,3760,1299,1299,1299,1299,1299,1299,1299,1299,1299,1299,1299,1299,1299,1299,1299,87,87,87,87,87,87,87,87,87,87,87,87,87,87,87,2424,2424,2424,2424,2424,2424,2424,2424,2424,2424,2424,2424,2424,2424,2424,3992,3992,3992,3992,3992,3992,3992,3992
5,5,5,5,5,5,5,5,5,5,5,3444,3444,3444,3444,3444,3444,3444,3444,3444,3444,3444,3444,3444,3444,3491,3491,3491,3491,3491,3491,3491,3491,3491,3491,3491,3491,3491,3491,3491,781,781,781,781,781,781,781,781,781,781,781,781,781,781,781,313,313,313,313,313,313,313,313,313,313,313,313,313,313,2811,2811,2811,2811,2811,2811,2811,2811,2811,2811,2811,2811,2811,2811,2811,3881,3881,3881,3881,3881,3881
4,4,4,4,4,4,4,4,4,4,4,4,3678,3678,3678,3678,3678,3678,3678,3678,3678,3678,3678,3678,3678,3678,3678,3287,3287,3287,3287,3287,3287,3287,3287,3287,3287,3287,3287,3287,3287,628,628,628,628,628,628,628,628,628,628,628,628,628,628,628,457,457,457,457,457,457,457,457,457,457,457,457,457,457,457,3149,3149,3149,3149,3149,3149,3149,3149,3149,3149,3149,3149,3149,3149,3149,3783,3783,3783,3783
4,4,4,4,4,4,4,4,4,4,4,4,4,3783,3783,3783,3783,3783,3783,3783,3783,3783,3783,3783,3783,3783,3783,3783,3032,3032,3032,3032,3032,3032,3032,3032,3032,3032,3032,3032,3032,3032,3032,386,386,386,386,386,386,386,386,386,386,386,386,386,386,386,592,592,592,592,592,592,592,592,592,592,592,592,592,592,3314,3314,3314,3314,3314,3314,3314,3314,3314,3314,3314,3314,3314,3314,3314,3599,3599,3599
5,5,5,5,5,5,5,5,5,5,5,5,5,5,5,3915,3915,3915,3915,3915,3915,3915,3915,3915,3915,3915,3915,3915,3915,3915,2856,2856,2856,2856,2856,2856,2856,2856,2856,2856,2856,2856,2856,2856,261,261,261,261,261,261,261,261,261,261,261,261,261,261,261,900,900,900,900,900,900,900,900,900,900,900,900,900,900,900,3575,3575,3575,3575,3575,3575,3575,3575,3575,3575,3575,3575,3575,3575,3575,3445
5,6,6,6,6,6,6,6,6,6,6,6,6,6,6,6,3940,3940,3940,3940,3940,3940,3940,3940,3940,3940,3940,3940,3940,3940,2671,2671,2671,2671,2671,2671,2671,2671,2671,2671,2671,2671,2671,2671,2671,173,173,173,173,173,173,173,173,173,173,173,173,173,173,173,1064,1064,1064,1064,1064,1064,1064,1064,1064,1064,1064,1064,1064,1064,1064,3616,3616,3616,3616,3616,3616,3616,3616,3616,3616,3616,3616,3616,3616,3327
4,4,4,4,4,4,4,4,4,4,4,4,4,4,4,4,3938,3938,3938,3938,3938,3938,3938,3938,3938,3938,3938,3938,3938,3938,2672,2672,2672,2672,2672,2672,2672,2672,2672,2672,2672,2672,2672,2672,2672,173,173,173,173,173,173,173,173,173,173,173,173,173,173,173,1063,1063,1063,1063,1063,1063,1063,1063,1063,1063,1063,1063,1063,1063,1063,3619,3619,3619,3619,3619,3619,3619,3619,3619,3619,3619,3619,3619,3619,3325
5,5,5,5,5,5,5,5,5,5,5,3565,3565,3565,3565,3565,3565,3565,3565,3565,3565,3565,3565,3565,3565,3565,3384,3384,3384,3384,3384,3384,3384,3384,3384,3384,3384,3384,3384,3384,778,778,778,778,778,778,778,778,778,778,778,778,778,778,778,339,339,339,339,339,339,339,339,339,339,339,339,339,339,339,2979,2979,2979,2979,2979,2979,2979,2979,2979,2979,2979,2979,2979,2979,2979,3853,3853,3853,3853,3853
5,5,5,5,5,5,5,5,5,3287,3287,3287,3287,3287,3287,3287,3287,3287,3287,3287,3287,3287,3287,3287,3623,3623,3623,3623,3623,3623,3623,3623,3623,3623,3623,3623,3623,3623,3623,1033,1033,1033,1033,1033,1033,1033,1033,1033,1033,1033,1033,1033,1033,153,153,153,153,153,153,153,153,153,153,153,153,153,153,153,2623,2623,2623,2623,2623,2623,2623,2623,2623,2623,2623,2623,2623,2623,2623,3946,3946,3946,3946,3946,3946,3946
4,4,4,4,4,4,4,4,4,4,4,3556,3556,3556,3556,3556,3556,3556,3556,3556,3556,3556,3556,3556,3556,3556,3456,3456,3456,3456,3456,3456,3456,3456,3456,3456,3456,3456,3456,3456,779,779,779,779,779,779,779,779,779,779,779,779,779,779,779,338,338,338,338,338,338,338,338,338,338,338,338,338,338,338,2979,2979,2979,2979,2979,2979,2979,2979,2979,2979,2979,2979,2979,2979,2979,3849,3849,3849,3849,3849
5,5,5,5,5,5,2644,2644,2644,2644,2644,2644,2644,2644,2644,2644,2644,2644,2644,2644,3949,3949,3949,3949,3949,3949,3949,3949,3949,3949,3949,3949,3949,3949,3949,1685,1685,1685,1685,1685,1685,1685,1685,1685,1685,1685,1685,1685,1685,1685,5,5,5,5,5,5,5,5,5,5,5,5,5,5,5,1846,1846,1846,1846,1846,1846,1846,1846,1846,1846,1846,1846,1846,1846,3976,3976,3976,3976,3976,3976,3976,3976,3976,3976,3976
4,4,4,4,4,4,4,4,4,3284,3284,3284,3284,3284,3284,3284,3284,3284,3284,3284,3284,3284,3284,3284,3656,3656,3656,3656,3656,3656,3656,3656,3656,3656,3656,3656,3656,3656,1118,1118,1118,1118,1118,1118,1118,1118,1118,1118,1118,1118,1118,1118,1118,152,152,152,152,152,152,152,152,152,152,152,152,152,152,152,2621,2621,2621,2621,2621,2621,2621,2621,2621,2621,2621,2621,2621,2621,2621,3953,3953,3953,3953,3953,3953,3953
4,4,4,4,4,4,4,4,4,4,4,4,4,3783,3783,3783,3783,3783,3783,3783,3783,3783,3783,3783,3783,3783,3783,3783,3031,3031,3031,3031,3031,3031,3031,3031,3031,3031,3031,3031,3031,3031,3031,378,378,378,378,378,378,378,378,378,378,378,378,378,378,378,614,614,614,614,614,614,614,614,614,614,614,614,614,614,3315,3315,3315,3315,3315,3315,3315,3315,3315,3315,3315,3315,3315,3315,3315,3598,3598,3598
4,4,4,4,4,4,4,4,4,4,4,4,4,4,4,3928,3928,3928,3928,3928,3928,3928,3928,3928,3928,3928,3928,3928,3928,3928,2671,2671,2671,2671,2671,2671,2671,2671,2671,2671,2671,2671,2671,2671,2671,176,176,176,176,176,176,176,176,176,176,176,176,176,176,176,977,977,977,977,977,977,977,977,977,977,977,977,977,977,3587,3587,3587,3587,3587,3587,3587,3587,3587,3587,3587,3587,3587,3587,3587,3327
4,4,4,4,4,4,4,4,4,4,4,4,3681,3681,3681,3681,3681,3681,3681,3681,3681,3681,3681,3681,3681,3681,3681,3251,3251,3251,3251,3251,3251,3251,3251,3251,3251,3251,3251,3251,3251,628,628,628,628,628,628,628,628,628,628,628,628,628,628,628,457,457,457,457,457,457,457,457,457,457,457,457,457,457,457,3150,3150,3150,3150,3150,3150,3150,3150,3150,3150,3150,3150,3150,3150,3150,3772,3772,3772,3772
4,4,4,4,4,4,4,4,4,4,4,4,4,3686,3686,3686,3686,3686,3686,3686,3686,3686,3686,3686,3686,3686,3686,3198,3198,3198,3198,3198,3198,3198,3198,3198,3198,3198,3198,3198,3198,3198,491,491,491,491,491,491,491,491,491,491,491,491,491,491,491,575,575,575,575,575,575,575,575,575,575,575,575,575,575,575,3157,3157,3157,3157,3157,3157,3157,3157,3157,3157,3157,3157,3157,3157,3710,3710,3710,3710
5,5,1933,1933,1933,1933,1933,1933,1933,1933,1933,1933,1933,1933,1933,1933,1933,3993,3993,3993,3993,3993,3993,3993,3993,3993,3993,3993,3993,3993,3993,3993,2479,2479,2479,2479,2479,2479,2479,2479,2479,2479,2479,2479,2479,2479,103,103,103,103,103,103,103,103,103,103,103,103,103,103,103,1252,1252,1252,1252,1252,1252,1252,1252,1252,1252,1252,1252,1252,1252,1252,3767,3767,3767,3767,3767,3767,3767,3767,3767,3767,3767,3767,3767,3767
5,5,5,5,5,5,5,2911,2911,2911,2911,2911,2911,2911,2911,2911,2911,2911,2911,2911,2911,3893,3893,3893,3893,3893,3893,3893,3893,3893,3893,3893,3893,3893,3893,3893,1490,1490,1490,1490,1490,1490,1490,1490,1490,1490,1490,1490,1490,1490,1490,54,54,54,54,54,54,54,54,54,54,54,54,54,54,54,2088,2088,2088,2088,2088,2088,2088,2088,2088,2088,2088,2088,2088,2088,3997,3997,3997,3997,3997,3997,3997,3997,3997,3997
5,5,5,5,5,5,5,5,5,5,5,5,5,3738,3738,3738,3738,3738,3738,3738,3738,3738,3738,3738,3738,3738,3738,3197,3197,3197,3197,3197,3197,3197,3197,3197,3197,3197,3197,3197,3197,3197,490,490,490,490,490,490,490,490,490,490,490,490,490,490,490,587,587,587,587,587,587,587,587,587,587,587,587,587,587,587,3233,3233,3233,3233,3233,3233,3233,3233,3233,3233,3233,3233,3233,3233,3710,3710,3710,3710
5,5,5,5,5,5,5,5,5,5,5,3563,3563,3563,3563,3563,3563,3563,3563,3563,3563,3563,3563,3563,3563,3563,3414,3414,3414,3414,3414,3414,3414,3414,3414,3414,3414,3414,3414,3414,778,778,778,778,778,778,778,778,778,778,778,778,778,778,778,339,339,339,339,339,339,339,339,339,339,339,339,339,339,339,2972,2972,2972,2972,2972,2972,2972,2972,2972,2972,2972,2972,2972,2972,2972,3881,3881,3881,3881,3881
5,5,5,5,5,5,5,5,5,5,5,3543,3543,3543,3543,3543,3543,3543,3543,3543,3543,3543,3543,3543,3543,3543,3490,3490,3490,3490,3490,3490,3490,3490,3490,3490,3490,3490,3490,3490,779,779,779,779,779,779,779,779,779,779,779,779,779,779,779,336,336,336,336,336,336,336,336,336,336,336,336,336,336,336,2888,2888,2888,2888,2888,2888,2888,2888,2888,2888,2888,2888,2888,2888,3881,3881,3881,3881,3881,3881
4,4,4,4,4,4,4,4,4,4,4,4,3659,3659,3659,3659,3659,3659,3659,3659,3659,3659,3659,3659,3659,3659,3351,3351,3351,3351,3351,3351,3351,3351,3351,3351,3351,3351,3351,3351,3351,628,628,628,628,628,628,628,628,628,628,628,628,628,628,628,453,453,453,453,453,453,453,453,453,453,453,453,453,453,453,3044,3044,3044,3044,3044,3044,3044,3044,3044,3044,3044,3044,3044,3044,3806,3806,3806,3806,3806
4,5,5,5,5,5,5,5,5,5,5,5,5,5,5,5,3927,3927,3927,3927,3927,3927,3927,3927,3927,3927,3927,3927,3927,3927,2671,2671,2671,2671,2671,2671,2671,2671,2671,2671,2671,2671,2671,2671,2671,175,175,175,175,175,175,175,175,175,175,175,175,175,175,175,1017,1017,1017,1017,1017,1017,1017,1017,1017,1017,1017,1017,1017,1017,3588,3588,3588,3588,3588,3588,3588,3588,3588,3588,3588,3588,3588,3588,3588,3326
6,6,6,6,2317,2317,2317,2317,2317,2317,2317,2317,2317,2317,2317,2317,2317,2317,3999,3999,3999,3999,3999,3999,3999,3999,3999,3999,3999,3999,3999,3999,3999,2084,2084,2084,2084,2084,2084,2084,2084,2084,2084,2084,2084,2084,2084,2084,21,21,21,21,21,21,21,21,21,21,21,21,21,21,21,1527,1527,1527,1527,1527,1527,1527,1527,1527,1527,1527,1527,1527,1527,3876,3876,3876,3876,3876,3876,3876,3876,3876,3876,3876,3876,3876
5,5,5,5,2396,2396,2396,2396,2396,2396,2396,2396,2396,2396,2396,2396,2396,2396,2396,3985,3985,3985,3985,3985,3985,3985,3985,3985,3985,3985,3985,3985,3985,3985,2084,2084,2084,2084,2084,2084,2084,2084,2084,2084,2084,2084,2084,2084,15,15,15,15,15,15,15,15,15,15,15,15,15,15,15,1632,1632,1632,1632,1632,1632,1632,1632,1632,1632,1632,1632,1632,1632,1632,3900,3900,3900,3900,3900,3900,3900,3900,3900,3900,3900,3900
4,4,4,4,4,4,4,4,4,4,4,4,3683,3683,3683,3683,3683,3683,3683,3683,3683,3683,3683,3683,3683,3683,3683,3202,3202,3202,3202,3202,3202,3202,3202,3202,3202,3202,3202,3202,3202,3202,550,550,550,550,550,550,550,550,550,550,550,550,550,550,458,458,458,458,458,458,458,458,458,458,458,458,458,458,458,3156,3156,3156,3156,3156,3156,3156,3156,3156,3156,3156,3156,3156,3156,3156,3717,3717,3717,3717
5,5,5,2002,2002,2002,2002,2002,2002,2002,2002,2002,2002,2002,2002,2002,2002,3995,3995,3995,3995,3995,3995,3995,3995,3995,3995,3995,3995,3995,3995,3995,2284,2284,2284,2284,2284,2284,2284,2284,2284,2284,2284,2284,2284,2284,2284,69,69,69,69,69,69,69,69,69,69,69,69,69,69,1254,1254,1254,1254,1254,1254,1254,1254,1254,1254,1254,1254,1254,1254,1254,3797,3797,3797,3797,3797,3797,3797,3797,3797,3797,3797,3797,3797,3797
4,4,4,4,4,4,4,4,4,4,4,4,4,4,4,3922,3922,3922,3922,3922,3922,3922,3922,3922,3922,3922,3922,3922,3922,3922,2843,2843,2843,2843,2843,2843,2843,2843,2843,2843,2843,2843,2843,2843,262,262,262,262,262,262,262,262,262,262,262,262,262,262,262,900,900,900,900,900,900,900,900,900,900,900,900,900,900,900,3570,3570,3570,3570,3570,3570,3570,3570,3570,3570,3570,3570,3570,3570,3570,3469
4,4,4,2000,2000,2000,2000,2000,2000,2000,2000,2000,2000,2000,2000,2000,2000,3995,3995,3995,3995,3995,3995,3995,3995,3995,3995,3995,3995,3995,3995,3995,2286,2286,2286,2286,2286,2286,2286,2286,2286,2286,2286,2286,2286,2286,2286,74,74,74,74,74,74,74,74,74,74,74,74,74,74,1253,1253,1253,1253,1253,1253,1253,1253,1253,1253,1253,1253,1253,1253,1253,3797,3797,3797,3797,3797,3797,3797,3797,3797,3797,3797,3797,3797,3797
5,5,5,5,5,5,5,5,3129,3129,3129,3129,3129,3129,3129,3129,3129,3129,3129,3129,3129,3129,3129,3727,3727,3727,3727,3727,3727,3727,3727,3727,3727,3727,3727,3727,3727,3727,1120,1120,1120,1120,1120,1120,1120,1120,1120,1120,1120,1120,1120,1120,1120,124,124,124,124,124,124,124,124,124,124,124,124,124,124,2431,2431,2431,2431,2431,2431,2431,2431,2431,2431,2431,2431,2431,2431,2431,3981,3981,3981,3981,3981,3981,3981,3981
4,4,6,6,6,6,6,6,6,6,6,6,6,6,6,6,3972,3972,3972,3972,3972,3972,3972,3972,3972,3972,3972,3972,3972,3972,3972,2479,2479,2479,2479,2479,2479,2479,2479,2479,2479,2479,2479,2479,2479,2479,111,111,111,111,111,111,111,111,111,111,111,111,111,111,111,1073,1073,1073,1073,1073,1073,1073,1073,1073,1073,1073,1073,1073,1073,3701,3701,3701,3701,3701,3701,3701,3701,3701,3701,3701,3701,3701,3701,3701
4,5,5,5,5,5,5,5,5,5,5,5,5,5,5,3928,3928,3928,3928,3928,3928,3928,3928,3928,3928,3928,3928,3928,3928,3928,2671,2671,2671,2671,2671,2671,2671,2671,2671,2671,2671,2671,2671,2671,2671,187,187,187,187,187,187,187,187,187,187,187,187,187,187,187,901,901,901,901,901,901,901,901,901,901,901,901,901,901,3586,3586,3586,3586,3586,3586,3586,3586,3586,3586,3586,3586,3586,3586,3586,3331
5,5,5,5,5,2555,2555,2555,2555,2555,2555,2555,2555,2555,2555,2555,2555,2555,2555,3984,3984,3984,3984,3984,3984,3984,3984,3984,3984,3984,3984,3984,3984,3984,1884,1884,1884,1884,1884,1884,1884,1884,1884,1884,1884,1884,1884,1884,1884,11,11,11,11,11,11,11,11,11,11,11,11,11,11,11,1678,1678,1678,1678,1678,1678,1678,1678,1678,1678,1678,1678,1678,1678,3936,3936,3936,3936,3936,3936,3936,3936,3936,3936,3936,3936
4,4,4,4,4,4,4,4,3129,3129,3129,3129,3129,3129,3129,3129,3129,3129,3129,3129,3129,3129,3129,3729,3729,3729,3729,3729,3729,3729,3729,3729,3729,3729,3729,3729,3729,3729,1174,1174,1174,1174,1174,1174,1174,1174,1174,1174,1174,1174,1174,1174,87,87,87,87,87,87,87,87,87,87,87,87,87,87,87,2430,2430,2430,2430,2430,2430,2430,2430,2430,2430,2430,2430,2430,2430,2430,3979,3979,3979,3979,3979,3979,3979,3979
4,4,4,4,4,2592,2592,2592,2592,2592,2592,2592,2592,2592,2592,2592,2592,2592,2592,2592,3950,3950,3950,3950,3950,3950,3950,3950,3950,3950,3950,3950,3950,3950,3950,1762,1762,1762,1762,1762,1762,1762,1762,1762,1762,1762,1762,1762,1762,7,7,7,7,7,7,7,7,7,7,7,7,7,7,7,1833,1833,1833,1833,1833,1833,1833,1833,1833,1833,1833,1833,1833,1833,1833,3973,3973,3973,3973,3973,3973,3973,3973,3973,3973,3973
4,4,4,4,4,4,4,4,4,3285,3285,3285,3285,3285,3285,3285,3285,3285,3285,3285,3285,3285,3285,3285,3660,3660,3660,3660,3660,3660,3660,3660,3660,3660,3660,3660,3660,3660,1118,1118,1118,1118,1118,1118,1118,1118,1118,1118,1118,1118,1118,1118,1118,153,153,153,153,153,153,153,153,153,153,153,153,153,153,153,2615,2615,2615,2615,2615,2615,2615,2615,2615,2615,2615,2615,2615,2615,2615,3971,3971,3971,3971,3971,3971,3971
4,4,4,4,4,4,4,4,4,4,4,4,4,4,3858,3858,3858,3858,3858,3858,3858,3858,3858,3858,3858,3858,3858,3858,3858,3014,3014,3014,3014,3014,3014,3014,3014,3014,3014,3014,3014,3014,3014,367,367,367,367,367,367,367,367,367,367,367,367,367,367,367,740,740,740,740,740,740,740,740,740,740,740,740,740,740,740,3442,3442,3442,3442,3442,3442,3442,3442,3442,3442,3442,3442,3442,3442,3442,3591,3591
5,5,5,2197,2197,2197,2197,2197,2197,2197,2197,2197,2197,2197,2197,2197,2197,2197,3998,3998,3998,3998,3998,3998,3998,3998,3998,3998,3998,3998,3998,3998,2283,2283,2283,2283,2283,2283,2283,2283,2283,2283,2283,2283,2283,2283,2283,50,50,50,50,50,50,50,50,50,50,50,50,50,50,50,1436,1436,1436,1436,1436,1436,1436,1436,1436,1436,1436,1436,1436,1436,1436,3838,3838,3838,3838,3838,3838,3838,3838,3838,3838,3838,3838,3838
4,4,4,4,4,4,2779,2779,2779,2779,2779,2779,2779,2779,2779,2779,2779,2779,2779,2779,2779,3899,3899,3899,3899,3899,3899,3899,3899,3899,3899,3899,3899,3899,3899,3899,1656,1656,1656,1656,1656,1656,1656,1656,1656,1656,1656,1656,1656,1656,8,8,8,8,8,8,8,8,8,8,8,8,8,8,8,2034,2034,2034,2034,2034,2034,2034,2034,2034,2034,2034,2034,2034,2034,2034,3995,3995,3995,3995,3995,3995,3995,3995,3995,3995
4,4,4,4,2373,2373,2373,2373,2373,2373,2373,2373,2373,2373,2373,2373,2373,2373,2373,3998,3998,3998,3998,3998,3998,3998,3998,3998,3998,3998,3998,3998,3998,2084,2084,2084,2084,2084,2084,2084,2084,2084,2084,2084,2084,2084,2084,2084,19,19,19,19,19,19,19,19,19,19,19,19,19,19,19,1520,1520,1520,1520,1520,1520,1520,1520,1520,1520,1520,1520,1520,1520,3876,3876,3876,3876,3876,3876,3876,3876,3876,3876,3876,3876,3876
4,4,4,4,4,4,4,4,4,4,3435,3435,3435,3435,3435,3435,3435,3435,3435,3435,3435,3435,3435,3435,3435,3498,3498,3498,3498,3498,3498,3498,3498,3498,3498,3498,3498,3498,3498,3498,890,890,890,890,890,890,890,890,890,890,890,890,890,890,238,238,238,238,238,238,238,238,238,238,238,238,238,238,238,2810,2810,2810,2810,2810,2810,2810,2810,2810,2810,2810,2810,2810,2810,2810,3890,3890,3890,3890,3890,3890
4,4,1814,1814,1814,1814,1814,1814,1814,1814,1814,1814,1814,1814,1814,1814,1814,3991,3991,3991,3991,3991,3991,3991,3991,3991,3991,3991,3991,3991,3991,3991,2479,2479,2479,2479,2479,2479,2479,2479,2479,2479,2479,2479,2479,2479,102,102,102,102,102,102,102,102,102,102,102,102,102,102,102,1252,1252,1252,1252,1252,1252,1252,1252,1252,1252,1252,1252,1252,1252,1252,3767,3767,3767,3767,3767,3767,3767,3767,3767,3767,3767,3767,3767,3767
5,5,5,5,5,5,5,5,3092,3092,3092,3092,3092,3092,3092,3092,3092,3092,3092,3092,3092,3092,3820,3820,3820,3820,3820,3820,3820,3820,3820,3820,3820,3820,3820,3820,3820,1299,1299,1299,1299,1299,1299,1299,1299,1299,1299,1299,1299,1299,1299,1299,86,86,86,86,86,86,86,86,86,86,86,86,86,86,86,2277,2277,2277,2277,2277,2277,2277,2277,2277,2277,2277,2277,2277,2277,3999,3999,3999,3999,3999,3999,3999,3999,3999
5,5,5,2198,2198,2198,2198,2198,2198,2198,2198,2198,2198,2198,2198,2198,2198,2198,3999,3999,3999,3999,3999,3999,3999,3999,3999,3999,3999,3999,3999,3999,2283,2283,2283,2283,2283,2283,2283,2283,2283,2283,2283,2283,2283,2283,2283,49,49,49,49,49,49,49,49,49,49,49,49,49,49,49,1437,1437,1437,1437,1437,1437,1437,1437,1437,1437,1437,1437,1437,1437,1437,3841,3841,3841,3841,3841,3841,3841,3841,3841,3841,3841,3841,3841
5,5,5,5,2398,2398,2398,2398,2398,2398,2398,2398,2398,2398,2398,2398,2398,2398,2398,3983,3983,3983,3983,3983,3983,3983,3983,3983,3983,3983,3983,3983,3983,3983,1897,1897,1897,1897,1897,1897,1897,1897,1897,1897,1897,1897,1897,1897,1897,15,15,15,15,15,15,15,15,15,15,15,15,15,15,1636,1636,1636,1636,1636,1636,1636,1636,1636,1636,1636,1636,1636,1636,1636,3935,3935,3935,3935,3935,3935,3935,3935,3935,3935,3935,3935
4,4,1995,1995,1995,1995,1995,1995,1995,1995,1995,1995,1995,1995,1995,1995,1995,3995,3995,3995,3995,3995,3995,3995,3995,3995,3995,3995,3995,3995,3995,3995,2350,2350,2350,2350,2350,2350,2350,2350,2350,2350,2350,2350,2350,2350,102,102,102,102,102,102,102,102,102,102,102,102,102,102,102,1254,1254,1254,1254,1254,1254,1254,1254,1254,1254,1254,1254,1254,1254,1254,3792,3792,3792,3792,3792,3792,3792,3792,3792,3792,3792,3792,3792,3792
