4,4,4,4,4,4,4,4,4,3287,3287,3287,3287,3287,3287,3287,3287,3287,3287,3287,3287,3287,3287,3287,3628,3628,3628,3628,3628,3628,3628,3628,3628,3628,3628,3628,3628,3628,3628,1082,1082,1082,1082,1082,1082,1082,1082,1082,1082,1082,1082,1082,1082,152,152,152,152,152,152,152,152,152,152,152,152,152,152,152,2623,2623,2623,2623,2623,2623,2623,2623,2623,2623,2623,2623,2623,2623,2623,3944,3944,3944,3944,3944,3944,3944
4,4,4,2033,2033,2033,2033,2033,2033,2033,2033,2033,2033,2033,2033,2033,2033,3995,3995,3995,3995,3995,3995,3995,3995,3995,3995,3995,3995,3995,3995,3995,2283,2283,2283,2283,2283,2283,2283,2283,2283,2283,2283,2283,2283,2283,2283,53,53,53,53,53,53,53,53,53,53,53,53,53,53,53,1282,1282,1282,1282,1282,1282,1282,1282,1282,1282,1282,1282,1282,1282,3798,3798,3798,3798,3798,3798,3798,3798,3798,3798,3798,3798,3798,3798
5,5,5,5,5,5,5,5,5,3199,3199,3199,3199,3199,3199,3199,3199,3199,3199,3199,3199,3199,3199,3727,3727,3727,3727,3727,3727,3727,3727,3727,3727,3727,3727,3727,3727,3727,1118,1118,1118,1118,1118,1118,1118,1118,1118,1118,1118,1118,1118,1118,1118,149,149,149,149,149,149,149,149,149,149,149,149,149,149,149,2497,2497,2497,2497,2497,2497,2497,2497,2497,2497,2497,2497,2497,2497,3979,3979,3979,3979,3979,3979,3979,3979
4,4,4,4,4,4,4,4,4,4,4,3566,3566,3566,3566,3566,3566,3566,3566,3566,3566,3566,3566,3566,3566,3566,3365,3365,3365,3365,3365,3365,3365,3365,3365,3365,3365,3365,3365,3365,3365,775,775,775,775,775,775,775,775,775,775,775,775,775,775,339,339,339,339,339,339,339,339,339,339,339,339,339,339,339,2985,2985,2985,2985,2985,2985,2985,2985,2985,2985,2985,2985,2985,2985,2985,3827,3827,3827,3827,3827
4,4,4,4,4,4,4,4,3040,3040,3040,3040,3040,3040,3040,3040,3040,3040,3040,3040,3040,3040,3821,3821,3821,3821,3821,3821,3821,3821,3821,3821,3821,3821,3821,3821,3821,1299,1299,1299,1299,1299,1299,1299,1299,1299,1299,1299,1299,1299,1299,1299,86,86,86,86,86,86,86,86,86,86,86,86,86,86,86,2284,2284,2284,2284,2284,2284,2284,2284,2284,2284,2284,2284,2284,2284,3998,3998,3998,3998,3998,3998,3998,3998,3998
4,4,4,4,4,4,4,4,4,4,4,4,4,4,4,4,3925,3925,3925,3925,3925,3925,3925,3925,3925,3925,3925,3925,3925,3925,2671,2671,2671,2671,2671,2671,2671,2671,2671,2671,2671,2671,2671,2671,2671,175,175,175,175,175,175,175,175,175,175,175,175,175,175,175,1026,1026,1026,1026,1026,1026,1026,1026,1026,1026,1026,1026,1026,1026,3587,3587,3587,3587,3587,3587,3587,3587,3587,3587,3587,3587,3587,3587,3587,3326
4,4,4,4,4,4,4,4,4,4,3415,3415,3415,3415,3415,3415,3415,3415,3415,3415,3415,3415,3415,3415,3415,3616,3616,3616,3616,3616,3616,3616,3616,3616,3616,3616,3616,3616,3616,943,943,943,943,943,943,943,943,943,943,943,943,943,943,943,237,237,237,237,237,237,237,237,237,237,237,237,237,237,237,2793,2793,2793,2793,2793,2793,2793,2793,2793,2793,2793,2793,2793,2793,2793,3940,3940,3940,3940,3940,3940
4,4,4,4,4,4,4,4,3121,3121,3121,3121,3121,3121,3121,3121,3121,3121,3121,3121,3121,3121,3121,3780,3780,3780,3780,3780,3780,3780,3780,3780,3780,3780,3780,3780,3780,1299,1299,1299,1299,1299,1299,1299,1299,1299,1299,1299,1299,1299,1299,1299,87,87,87,87,87,87,87,87,87,87,87,87,87,87,87,2425,2425,2425,2425,2425,2425,2425,2425,2425,2425,2425,2425,2425,2425,2425,3990,3990,3990,3990,3990,3990,3990,3990
4,4,4,2193,2193,2193,2193,2193,2193,2193,2193,2193,2193,2193,2193,2193,2193,2193,3997,3997,3997,3997,3997,3997,3997,3997,3997,3997,3997,3997,3997,3997,2284,2284,2284,2284,2284,2284,2284,2284,2284,2284,2284,2284,2284,2284,2284,50,50,50,50,50,50,50,50,50,50,50,50,50,50,50,1413,1413,1413,1413,1413,1413,1413,1413,1413,1413,1413,1413,1413,1413,1413,3799,3799,3799,3799,3799,3799,3799,3799,3799,3799,3799,3799,3799
4,4,4,4,4,4,4,4,2965,2965,2965,2965,2965,2965,2965,2965,2965,2965,2965,2965,2965,2965,3820,3820,3820,3820,3820,3820,3820,3820,3820,3820,3820,3820,3820,3820,3820,1300,1300,1300,1300,1300,1300,1300,1300,1300,1300,1300,1300,1300,1300,1300,85,85,85,85,85,85,85,85,85,85,85,85,85,85,85,2243,2243,2243,2243,2243,2243,2243,2243,2243,2243,2243,2243,2243,2243,3999,3999,3999,3999,3999,3999,3999,3999,3999
4,4,4,4,4,4,4,4,4,4,4,3494,3494,3494,3494,3494,3494,3494,3494,3494,3494,3494,3494,3494,3494,3491,3491,3491,3491,3491,3491,3491,3491,3491,3491,3491,3491,3491,3491,3491,779,779,779,779,779,779,779,779,779,779,779,779,779,779,779,327,327,327,327,327,327,327,327,327,327,327,327,327,327,327,2811,2811,2811,2811,2811,2811,2811,2811,2811,2811,2811,2811,2811,2811,3882,3882,3882,3882,3882,3882
4,4,4,4,4,4,4,4,4,4,4,4,3567,3567,3567,3567,3567,3567,3567,3567,3567,3567,3567,3567,3567,3567,3351,3351,3351,3351,3351,3351,3351,3351,3351,3351,3351,3351,3351,3351,3351,631,631,631,631,631,631,631,631,631,631,631,631,631,631,631,429,429,429,429,429,429,429,429,429,429,429,429,429,429,429,2988,2988,2988,2988,2988,2988,2988,2988,2988,2988,2988,2988,2988,2988,3805,3805,3805,3805,3805
4,4,4,4,4,4,4,4,4,4,4,4,4,4,4,4,3927,3927,3927,3927,3927,3927,3927,3927,3927,3927,3927,3927,3927,3927,2671,2671,2671,2671,2671,2671,2671,2671,2671,2671,2671,2671,2671,2671,2671,175,175,175,175,175,175,175,175,175,175,175,175,175,175,175,1039,1039,1039,1039,1039,1039,1039,1039,1039,1039,1039,1039,1039,1039,1039,3588,3588,3588,3588,3588,3588,3588,3588,3588,3588,3588,3588,3588,3588,3327
4,4,4,4,4,2591,2591,2591,2591,2591,2591,2591,2591,2591,2591,2591,2591,2591,2591,2591,3949,3949,3949,3949,3949,3949,3949,3949,3949,3949,3949,3949,3949,3949,3949,1693,1693,1693,1693,1693,1693,1693,1693,1693,1693,1693,1693,1693,1693,1693,6,6,6,6,6,6,6,6,6,6,6,6,6,6,1834,1834,1834,1834,1834,1834,1834,1834,1834,1834,1834,1834,1834,1834,1834,3975,3975,3975,3975,3975,3975,3975,3975,3975,3975,3975
4,4,4,4,4,4,4,4,4,4,4,4,4,4,4,3922,3922,3922,3922,3922,3922,3922,3922,3922,3922,3922,3922,3922,3922,3922,2842,2842,2842,2842,2842,2842,2842,2842,2842,2842,2842,2842,2842,2842,261,261,261,261,261,261,261,261,261,261,261,261,261,261,261,900,900,900,900,900,900,900,900,900,900,900,900,900,900,900,3560,3560,3560,3560,3560,3560,3560,3560,3560,3560,3560,3560,3560,3560,3560,3469
4,4,4,4,4,4,4,4,4,3287,3287,3287,3287,3287,3287,3287,3287,3287,3287,3287,3287,3287,3287,3287,3628,3628,3628,3628,3628,3628,3628,3628,3628,3628,3628,3628,3628,3628,3628,1109,1109,1109,1109,1109,1109,1109,1109,1109,1109,1109,1109,1109,1109,152,152,152,152,152,152,152,152,152,152,152,152,152,152,152,2623,2623,2623,2623,2623,2623,2623,2623,2623,2623,2623,2623,2623,2623,2623,3954,3954,3954,3954,3954,3954,3954
4,4,4,4,4,4,4,4,4,4,4,4,4,4,3865,3865,3865,3865,3865,3865,3865,3865,3865,3865,3865,3865,3865,3865,3865,2857,2857,2857,2857,2857,2857,2857,2857,2857,2857,2857,2857,2857,2857,2857,268,268,268,268,268,268,268,268,268,268,268,268,268,268,268,767,767,767,767,767,767,767,767,767,767,767,767,767,767,3458,3458,3458,3458,3458,3458,3458,3458,3458,3458,3458,3458,3458,3458,3458,3471,3471
5,5,5,5,5,5,5,5,5,5,5,5,5,5,3864,3864,3864,3864,3864,3864,3864,3864,3864,3864,3864,3864,3864,3864,3864,2855,2855,2855,2855,2855,2855,2855,2855,2855,2855,2855,2855,2855,2855,2855,268,268,268,268,268,268,268,268,268,268,268,268,268,268,268,794,794,794,794,794,794,794,794,794,794,794,794,794,794,3457,3457,3457,3457,3457,3457,3457,3457,3457,3457,3457,3457,3457,3457,3457,3469,3469
5,5,5,5,5,5,5,5,5,5,5,5,3683,3683,3683,3683,3683,3683,3683,3683,3683,3683,3683,3683,3683,3683,3683,3199,3199,3199,3199,3199,3199,3199,3199,3199,3199,3199,3199,3199,3199,3199,504,504,504,504,504,504,504,504,504,504,504,504,504,504,504,473,473,473,473,473,473,473,473,473,473,473,473,473,473,3157,3157,3157,3157,3157,3157,3157,3157,3157,3157,3157,3157,3157,3157,3157,3711,3711,3711,3711
5,5,5,5,5,5,5,5,5,3229,3229,3229,3229,3229,3229,3229,3229,3229,3229,3229,3229,3229,3229,3727,3727,3727,3727,3727,3727,3727,3727,3727,3727,3727,3727,3727,3727,3727,1118,1118,1118,1118,1118,1118,1118,1118,1118,1118,1118,1118,1118,1118,1118,149,149,149,149,149,149,149,149,149,149,149,149,149,149,149,2474,2474,2474,2474,2474,2474,2474,2474,2474,2474,2474,2474,2474,2474,3979,3979,3979,3979,3979,3979,3979,3979
5,4,4,4,4,4,4,4,4,4,4,4,4,4,4,4,3968,3968,3968,3968,3968,3968,3968,3968,3968,3968,3968,3968,3968,3968,3968,2629,2629,2629,2629,2629,2629,2629,2629,2629,2629,2629,2629,2629,2629,172,172,172,172,172,172,172,172,172,172,172,172,172,172,172,1072,1072,1072,1072,1072,1072,1072,1072,1072,1072,1072,1072,1072,1072,1072,3693,3693,3693,3693,3693,3693,3693,3693,3693,3693,3693,3693,3693,3693,3693
5,5,1995,1995,1995,1995,1995,1995,1995,1995,1995,1995,1995,1995,1995,1995,1995,3995,3995,3995,3995,3995,3995,3995,3995,3995,3995,3995,3995,3995,3995,3995,2317,2317,2317,2317,2317,2317,2317,2317,2317,2317,2317,2317,2317,2317,2317,103,103,103,103,103,103,103,103,103,103,103,103,103,103,1254,1254,1254,1254,1254,1254,1254,1254,1254,1254,1254,1254,1254,1254,1254,3796,3796,3796,3796,3796,3796,3796,3796,3796,3796,3796,3796,3796,3796
5,5,5,5,5,5,5,5,5,5,5,5,5,5,5,3864,3864,3864,3864,3864,3864,3864,3864,3864,3864,3864,3864,3864,3864,2855,2855,2855,2855,2855,2855,2855,2855,2855,2855,2855,2855,2855,2855,2855,263,263,263,263,263,263,263,263,263,263,263,263,263,263,263,880,880,880,880,880,880,880,880,880,880,880,880,880,880,880,3458,3458,3458,3458,3458,3458,3458,3458,3458,3458,3458,3458,3458,3458,3469,3469
5,5,5,5,5,5,5,5,5,3288,3288,3288,3288,3288,3288,3288,3288,3288,3288,3288,3288,3288,3288,3288,3618,3618,3618,3618,3618,3618,3618,3618,3618,3618,3618,3618,3618,3618,3618,959,959,959,959,959,959,959,959,959,959,959,959,959,959,959,152,152,152,152,152,152,152,152,152,152,152,152,152,152,2624,2624,2624,2624,2624,2624,2624,2624,2624,2624,2624,2624,2624,2624,2624,3942,3942,3942,3942,3942,3942,3942
5,5,5,5,5,5,5,5,5,5,5,5,5,3783,3783,3783,3783,3783,3783,3783,3783,3783,3783,3783,3783,3783,3783,3783,3031,3031,3031,3031,3031,3031,3031,3031,3031,3031,3031,3031,3031,3031,3031,376,376,376,376,376,376,376,376,376,376,376,376,376,376,376,614,614,614,614,614,614,614,614,614,614,614,614,614,614,3314,3314,3314,3314,3314,3314,3314,3314,3314,3314,3314,3314,3314,3314,3314,3600,3600,3600
5,5,5,5,5,5,5,5,5,5,5,3437,3437,3437,3437,3437,3437,3437,3437,3437,3437,3437,3437,3437,3437,3491,3491,3491,3491,3491,3491,3491,3491,3491,3491,3491,3491,3491,3491,3491,781,781,781,781,781,781,781,781,781,781,781,781,781,781,781,304,304,304,304,304,304,304,304,304,304,304,304,304,304,2811,2811,2811,2811,2811,2811,2811,2811,2811,2811,2811,2811,2811,2811,2811,3881,3881,3881,3881,3881,3881
5,5,5,5,5,5,5,5,5,5,3388,3388,3388,3388,3388,3388,3388,3388,3388,3388,3388,3388,3388,3388,3617,3617,3617,3617,3617,3617,3617,3617,3617,3617,3617,3617,3617,3617,3617,943,943,943,943,943,943,943,943,943,943,943,943,943,943,943,233,233,233,233,233,233,233,233,233,233,233,233,233,233,233,2683,2683,2683,2683,2683,2683,2683,2683,2683,2683,2683,2683,2683,2683,3941,3941,3941,3941,3941,3941,3941
4,4,4,4,2376,2376,2376,2376,2376,2376,2376,2376,2376,2376,2376,2376,2376,2376,2376,3999,3999,3999,3999,3999,3999,3999,3999,3999,3999,3999,3999,3999,3999,2083,2083,2083,2083,2083,2083,2083,2083,2083,2083,2083,2083,2083,2083,2083,17,17,17,17,17,17,17,17,17,17,17,17,17,17,17,1614,1614,1614,1614,1614,1614,1614,1614,1614,1614,1614,1614,1614,1614,1614,3876,3876,3876,3876,3876,3876,3876,3876,3876,3876,3876,3876
4,4,4,4,4,4,4,4,4,4,4,4,4,4,4,3924,3924,3924,3924,3924,3924,3924,3924,3924,3924,3924,3924,3924,3924,3924,2760,2760,2760,2760,2760,2760,2760,2760,2760,2760,2760,2760,2760,2760,261,261,261,261,261,261,261,261,261,261,261,261,261,261,261,901,901,901,901,901,901,901,901,901,901,901,901,901,901,901,3583,3583,3583,3583,3583,3583,3583,3583,3583,3583,3583,3583,3583,3583,3583,3386
4,4,1996,1996,1996,1996,1996,1996,1996,1996,1996,1996,1996,1996,1996,1996,1996,3995,3995,3995,3995,3995,3995,3995,3995,3995,3995,3995,3995,3995,3995,3995,2327,2327,2327,2327,2327,2327,2327,2327,2327,2327,2327,2327,2327,2327,102,102,102,102,102,102,102,102,102,102,102,102,102,102,102,1254,1254,1254,1254,1254,1254,1254,1254,1254,1254,1254,1254,1254,1254,1254,3794,3794,3794,3794,3794,3794,3794,3794,3794,3794,3794,3794,3794,3794
4,4,4,4,4,4,4,4,4,4,3435,3435,3435,3435,3435,3435,3435,3435,3435,3435,3435,3435,3435,3435,3435,3492,3492,3492,3492,3492,3492,3492,3492,3492,3492,3492,3492,3492,3492,3492,789,789,789,789,789,789,789,789,789,789,789,789,789,789,789,239,239,239,239,239,239,239,239,239,239,239,239,239,239,2810,2810,2810,2810,2810,2810,2810,2810,2810,2810,2810,2810,2810,2810,2810,3883,3883,3883,3883,3883,3883
4,5,5,5,5,5,5,5,5,5,5,5,5,5,5,5,3945,3945,3945,3945,3945,3945,3945,3945,3945,3945,3945,3945,3945,3945,2672,2672,2672,2672,2672,2672,2672,2672,2672,2672,2672,2672,2672,2672,2672,173,173,173,173,173,173,173,173,173,173,173,173,173,173,173,1049,1049,1049,1049,1049,1049,1049,1049,1049,1049,1049,1049,1049,1049,1049,3587,3587,3587,3587,3587,3587,3587,3587,3587,3587,3587,3587,3587,3587,3326
4,4,4,4,4,4,4,4,4,4,3395,3395,3395,3395,3395,3395,3395,3395,3395,3395,3395,3395,3395,3395,3618,3618,3618,3618,3618,3618,3618,3618,3618,3618,3618,3618,3618,3618,3618,942,942,942,942,942,942,942,942,942,942,942,942,942,942,942,235,235,235,235,235,235,235,235,235,235,235,235,235,235,235,2730,2730,2730,2730,2730,2730,2730,2730,2730,2730,2730,2730,2730,2730,3940,3940,3940,3940,3940,3940,3940
4,4,4,4,4,4,4,4,4,4,4,4,4,4,4,3926,3926,3926,3926,3926,3926,3926,3926,3926,3926,3926,3926,3926,3926,3926,2695,2695,2695,2695,2695,2695,2695,2695,2695,2695,2695,2695,2695,2695,2695,261,261,261,261,261,261,261,261,261,261,261,261,261,261,901,901,901,901,901,901,901,901,901,901,901,901,901,901,901,3581,3581,3581,3581,3581,3581,3581,3581,3581,3581,3581,3581,3581,3581,3581,3430
4,4,4,4,4,4,4,4,4,4,4,4,4,3709,3709,3709,3709,3709,3709,3709,3709,3709,3709,3709,3709,3709,3709,3198,3198,3198,3198,3198,3198,3198,3198,3198,3198,3198,3198,3198,3198,3198,491,491,491,491,491,491,491,491,491,491,491,491,491,491,491,575,575,575,575,575,575,575,575,575,575,575,575,575,575,575,3158,3158,3158,3158,3158,3158,3158,3158,3158,3158,3158,3158,3158,3158,3709,3709,3709,3709
4,4,1560,1560,1560,1560,1560,1560,1560,1560,1560,1560,1560,1560,1560,1560,1560,3982,3982,3982,3982,3982,3982,3982,3982,3982,3982,3982,3982,3982,3982,2479,2479,2479,2479,2479,2479,2479,2479,2479,2479,2479,2479,2479,2479,2479,103,103,103,103,103,103,103,103,103,103,103,103,103,103,103,1235,1235,1235,1235,1235,1235,1235,1235,1235,1235,1235,1235,1235,1235,1235,3702,3702,3702,3702,3702,3702,3702,3702,3702,3702,3702,3702,3702,3702
4,4,4,4,4,4,4,4,4,4,4,4,4,4,4,4,3971,3971,3971,3971,3971,3971,3971,3971,3971,3971,3971,3971,3971,3971,3971,2486,2486,2486,2486,2486,2486,2486,2486,2486,2486,2486,2486,2486,2486,2486,167,167,167,167,167,167,167,167,167,167,167,167,167,167,1073,1073,1073,1073,1073,1073,1073,1073,1073,1073,1073,1073,1073,1073,1073,3699,3699,3699,3699,3699,3699,3699,3699,3699,3699,3699,3699,3699,3699,3699
5,5,5,5,5,5,5,5,5,5,5,5,3683,3683,3683,3683,3683,3683,3683,3683,3683,3683,3683,3683,3683,3683,3683,3230,3230,3230,3230,3230,3230,3230,3230,3230,3230,3230,3230,3230,3230,3230,628,628,628,628,628,628,628,628,628,628,628,628,628,628,458,458,458,458,458,458,458,458,458,458,458,458,458,458,458,3152,3152,3152,3152,3152,3152,3152,3152,3152,3152,3152,3152,3152,3152,3152,3759,3759,3759,3759
5,5,5,5,5,5,5,5,5,3288,3288,3288,3288,3288,3288,3288,3288,3288,3288,3288,3288,3288,3288,3288,3618,3618,3618,3618,3618,3618,3618,3618,3618,3618,3618,3618,3618,3618,3618,948,948,948,948,948,948,948,948,948,948,948,948,948,948,948,183,183,183,183,183,183,183,183,183,183,183,183,183,183,2623,2623,2623,2623,2623,2623,2623,2623,2623,2623,2623,2623,2623,2623,2623,3941,3941,3941,3941,3941,3941,3941
5,5,5,5,5,5,5,5,5,5,5,3518,3518,3518,3518,3518,3518,3518,3518,3518,3518,3518,3518,3518,3518,3491,3491,3491,3491,3491,3491,3491,3491,3491,3491,3491,3491,3491,3491,3491,779,779,779,779,779,779,779,779,779,779,779,779,779,779,779,335,335,335,335,335,335,335,335,335,335,335,335,335,335,335,2867,2867,2867,2867,2867,2867,2867,2867,2867,2867,2867,2867,2867,2867,3882,3882,3882,3882,3882,3882
5,5,5,5,5,5,5,5,3105,3105,3105,3105,3105,3105,3105,3105,3105,3105,3105,3105,3105,3105,3105,3820,3820,3820,3820,3820,3820,3820,3820,3820,3820,3820,3820,3820,3820,1300,1300,1300,1300,1300,1300,1300,1300,1300,1300,1300,1300,1300,1300,1300,87,87,87,87,87,87,87,87,87,87,87,87,87,87,87,2369,2369,2369,2369,2369,2369,2369,2369,2369,2369,2369,2369,2369,2369,3999,3999,3999,3999,3999,3999,3999,3999,3999
4,4,4,4,4,4,4,4,4,4,4,3567,3567,3567,3567,3567,3567,3567,3567,3567,3567,3567,3567,3567,3567,3567,3351,3351,3351,3351,3351,3351,3351,3351,3351,3351,3351,3351,3351,3351,3351,637,637,637,637,637,637,637,637,637,637,637,637,637,637,637,365,365,365,365,365,365,365,365,365,365,365,365,365,365,2988,2988,2988,2988,2988,2988,2988,2988,2988,2988,2988,2988,2988,2988,2988,3806,3806,3806,3806,3806
5,5,5,5,5,5,5,2958,2958,2958,2958,2958,2958,2958,2958,2958,2958,2958,2958,2958,2958,2958,3830,3830,3830,3830,3830,3830,3830,3830,3830,3830,3830,3830,3830,3830,3830,1490,1490,1490,1490,1490,1490,1490,1490,1490,1490,1490,1490,1490,1490,44,44,44,44,44,44,44,44,44,44,44,44,44,44,44,2232,2232,2232,2232,2232,2232,2232,2232,2232,2232,2232,2232,2232,2232,2232,3999,3999,3999,3999,3999,3999,3999,3999,3999
5,5,5,5,5,5,5,5,5,5,5,3509,3509,3509,3509,3509,3509,3509,3509,3509,3509,3509,3509,3509,3509,3491,3491,3491,3491,3491,3491,3491,3491,3491,3491,3491,3491,3491,3491,3491,779,779,779,779,779,779,779,779,779,779,779,779,779,779,779,329,329,329,329,329,329,329,329,329,329,329,329,329,329,329,2810,2810,2810,2810,2810,2810,2810,2810,2810,2810,2810,2810,2810,2810,3881,3881,3881,3881,3881,3881
5,5,5,5,5,2407,2407,2407,2407,2407,2407,2407,2407,2407,2407,2407,2407,2407,2407,3984,3984,3984,3984,3984,3984,3984,3984,3984,3984,3984,3984,3984,3984,3984,1884,1884,1884,1884,1884,1884,1884,1884,1884,1884,1884,1884,1884,1884,1884,12,12,12,12,12,12,12,12,12,12,12,12,12,12,12,1636,1636,1636,1636,1636,1636,1636,1636,1636,1636,1636,1636,1636,1636,3936,3936,3936,3936,3936,3936,3936,3936,3936,3936,3936,3936
4,4,4,4,4,4,4,4,4,4,4,4,3669,3669,3669,3669,3669,3669,3669,3669,3669,3669,3669,3669,3669,3669,3669,3351,3351,3351,3351,3351,3351,3351,3351,3351,3351,3351,3351,3351,3351,628,628,628,628,628,628,628,628,628,628,628,628,628,628,628,455,455,455,455,455,455,455,455,455,455,455,455,455,455,455,3113,3113,3113,3113,3113,3113,3113,3113,3113,3113,3113,3113,3113,3113,3805,3805,3805,3805,3805
5,5,5,5,5,5,5,5,5,5,5,5,3576,3576,3576,3576,3576,3576,3576,3576,3576,3576,3576,3576,3576,3576,3351,3351,3351,3351,3351,3351,3351,3351,3351,3351,3351,3351,3351,3351,3351,629,629,629,629,629,629,629,629,629,629,629,629,629,629,629,445,445,445,445,445,445,445,445,445,445,445,445,445,445,445,2996,2996,2996,2996,2996,2996,2996,2996,2996,2996,2996,2996,2996,2996,3805,3805,3805,3805,3805
4,4,4,4,4,2469,2469,2469,2469,2469,2469,2469,2469,2469,2469,2469,2469,2469,2469,3983,3983,3983,3983,3983,3983,3983,3983,3983,3983,3983,3983,3983,3983,3983,1884,1884,1884,1884,1884,1884,1884,1884,1884,1884,1884,1884,1884,1884,1884,12,12,12,12,12,12,12,12,12,12,12,12,12,12,12,1637,1637,1637,1637,1637,1637,1637,1637,1637,1637,1637,1637,1637,1637,3936,3936,3936,3936,3936,3936,3936,3936,3936,3936,3936,3936
5,5,5,5,5,2591,2591,2591,2591,2591,2591,2591,2591,2591,2591,2591,2591,2591,2591,2591,3953,3953,3953,3953,3953,3953,3953,3953,3953,3953,3953,3953,3953,3953,3953,1863,1863,1863,1863,1863,1863,1863,1863,1863,1863,1863,1863,1863,1863,7,7,7,7,7,7,7,7,7,7,7,7,7,7,7,1833,1833,1833,1833,1833,1833,1833,1833,1833,1833,1833,1833,1833,1833,1833,3972,3972,3972,3972,3972,3972,3972,3972,3972,3972,3972
5,5,5,5,2398,2398,2398,2398,2398,2398,2398,2398,2398,2398,2398,2398,2398,2398,2398,3984,3984,3984,3984,3984,3984,3984,3984,3984,3984,3984,3984,3984,3984,3984,1952,1952,1952,1952,1952,1952,1952,1952,1952,1952,1952,1952,1952,1952,15,15,15,15,15,15,15,15,15,15,15,15,15,15,15,1637,1637,1637,1637,1637,1637,1637,1637,1637,1637,1637,1637,1637,1637,1637,3933,3933,3933,3933,3933,3933,3933,3933,3933,3933,3933,3933
5,4,4,4,4,4,4,4,4,4,4,4,4,4,4,3927,3927,3927,3927,3927,3927,3927,3927,3927,3927,3927,3927,3927,3927,3927,2671,2671,2671,2671,2671,2671,2671,2671,2671,2671,2671,2671,2671,2671,2671,176,176,176,176,176,176,176,176,176,176,176,176,176,176,176,1009,1009,1009,1009,1009,1009,1009,1009,1009,1009,1009,1009,1009,1009,3587,3587,3587,3587,3587,3587,3587,3587,3587,3587,3587,3587,3587,3587,3587,3326
4,4,4,4,4,4,4,4,4,4,4,4,4,3783,3783,3783,3783,3783,3783,3783,3783,3783,3783,3783,3783,3783,3783,3783,3032,3032,3032,3032,3032,3032,3032,3032,3032,3032,3032,3032,3032,3032,3032,382,382,382,382,382,382,382,382,382,382,382,382,382,382,382,599,599,599,599,599,599,599,599,599,599,599,599,599,599,3314,3314,3314,3314,3314,3314,3314,3314,3314,3314,3314,3314,3314,3314,3314,3599,3599,3599
4,4,4,4,4,2591,2591,2591,2591,2591,2591,2591,2591,2591,2591,2591,2591,2591,2591,2591,3949,3949,3949,3949,3949,3949,3949,3949,3949,3949,3949,3949,3949,3949,3949,1693,1693,1693,1693,1693,1693,1693,1693,1693,1693,1693,1693,1693,1693,1693,7,7,7,7,7,7,7,7,7,7,7,7,7,7,1834,1834,1834,1834,1834,1834,1834,1834,1834,1834,1834,1834,1834,1834,1834,3976,3976,3976,3976,3976,3976,3976,3976,3976,3976,3976
4,4,4,4,4,4,4,4,4,4,4,3567,3567,3567,3567,3567,3567,3567,3567,3567,3567,3567,3567,3567,3567,3567,3352,3352,3352,3352,3352,3352,3352,3352,3352,3352,3352,3352,3352,3352,3352,637,637,637,637,637,637,637,637,637,637,637,637,637,637,637,366,366,366,366,366,366,366,366,366,366,366,366,366,366,2988,2988,2988,2988,2988,2988,2988,2988,2988,2988,2988,2988,2988,2988,2988,3807,3807,3807,3807,3807
6,6,6,6,6,6,2746,2746,2746,2746,2746,2746,2746,2746,2746,2746,2746,2746,2746,2746,3948,3948,3948,3948,3948,3948,3948,3948,3948,3948,3948,3948,3948,3948,3948,1685,1685,1685,1685,1685,1685,1685,1685,1685,1685,1685,1685,1685,1685,1685,6,6,6,6,6,6,6,6,6,6,6,6,6,6,6,1877,1877,1877,1877,1877,1877,1877,1877,1877,1877,1877,1877,1877,1877,3977,3977,3977,3977,3977,3977,3977,3977,3977,3977,3977
4,4,4,4,4,4,4,4,4,4,4,4,4,4,4,3926,3926,3926,3926,3926,3926,3926,3926,3926,3926,3926,3926,3926,3926,3926,2684,2684,2684,2684,2684,2684,2684,2684,2684,2684,2684,2684,2684,2684,2684,261,261,261,261,261,261,261,261,261,261,261,261,261,261,901,901,901,901,901,901,901,901,901,901,901,901,901,901,901,3584,3584,3584,3584,3584,3584,3584,3584,3584,3584,3584,3584,3584,3584,3584,3408
5,5,5,5,5,5,5,5,5,3288,3288,3288,3288,3288,3288,3288,3288,3288,3288,3288,3288,3288,3288,3288,3618,3618,3618,3618,3618,3618,3618,3618,3618,3618,3618,3618,3618,3618,3618,957,957,957,957,957,957,957,957,957,957,957,957,957,957,957,153,153,153,153,153,153,153,153,153,153,153,153,153,153,2623,2623,2623,2623,2623,2623,2623,2623,2623,2623,2623,2623,2623,2623,2623,3944,3944,3944,3944,3944,3944,3944
4,4,2000,2000,2000,2000,2000,2000,2000,2000,2000,2000,2000,2000,2000,2000,2000,3995,3995,3995,3995,3995,3995,3995,3995,3995,3995,3995,3995,3995,3995,3995,2291,2291,2291,2291,2291,2291,2291,2291,2291,2291,2291,2291,2291,2291,2291,96,96,96,96,96,96,96,96,96,96,96,96,96,96,1254,1254,1254,1254,1254,1254,1254,1254,1254,1254,1254,1254,1254,1254,1254,3797,3797,3797,3797,3797,3797,3797,3797,3797,3797,3797,3797,3797,3797
4,4,4,4,4,4,4,4,4,3283,3283,3283,3283,3283,3283,3283,3283,3283,3283,3283,3283,3283,3283,3283,3667,3667,3667,3667,3667,3667,3667,3667,3667,3667,3667,3667,3667,3667,1117,1117,1117,1117,1117,1117,1117,1117,1117,1117,1117,1117,1117,1117,1117,152,152,152,152,152,152,152,152,152,152,152,152,152,152,152,2621,2621,2621,2621,2621,2621,2621,2621,2621,2621,2621,2621,2621,2621,2621,3951,3951,3951,3951,3951,3951,3951
5,5,5,5,2376,2376,2376,2376,2376,2376,2376,2376,2376,2376,2376,2376,2376,2376,2376,3999,3999,3999,3999,3999,3999,3999,3999,3999,3999,3999,3999,3999,3999,2084,2084,2084,2084,2084,2084,2084,2084,2084,2084,2084,2084,2084,2084,2084,19,19,19,19,19,19,19,19,19,19,19,19,19,19,19,1571,1571,1571,1571,1571,1571,1571,1571,1571,1571,1571,1571,1571,1571,3876,3876,3876,3876,3876,3876,3876,3876,3876,3876,3876,3876,3876
4,4,4,4,2398,2398,2398,2398,2398,2398,2398,2398,2398,2398,2398,2398,2398,2398,2398,3983,3983,3983,3983,3983,3983,3983,3983,3983,3983,3983,3983,3983,3983,3983,1888,1888,1888,1888,1888,1888,1888,1888,1888,1888,1888,1888,1888,1888,1888,14,14,14,14,14,14,14,14,14,14,14,14,14,14,1636,1636,1636,1636,1636,1636,1636,1636,1636,1636,1636,1636,1636,1636,1636,3936,3936,3936,3936,3936,3936,3936,3936,3936,3936,3936,3936
4,4,4,4,4,4,4,4,4,4,4,4,3684,3684,3684,3684,3684,3684,3684,3684,3684,3684,3684,3684,3684,3684,3684,3199,3199,3199,3199,3199,3199,3199,3199,3199,3199,3199,3199,3199,3199,3199,512,512,512,512,512,512,512,512,512,512,512,512,512,512,512,459,459,459,459,459,459,459,459,459,459,459,459,459,459,3156,3156,3156,3156,3156,3156,3156,3156,3156,3156,3156,3156,3156,3156,3156,3714,3714,3714,3714
5,5,5,5,5,5,5,5,5,3289,3289,3289,3289,3289,3289,3289,3289,3289,3289,3289,3289,3289,3289,3289,3618,3618,3618,3618,3618,3618,3618,3618,3618,3618,3618,3618,3618,3618,3618,946,946,946,946,946,946,946,946,946,946,946,946,946,946,946,203,203,203,203,203,203,203,203,203,203,203,203,203,203,2624,2624,2624,2624,2624,2624,2624,2624,2624,2624,2624,2624,2624,2624,2624,3940,3940,3940,3940,3940,3940,3940
5,5,5,5,5,5,5,5,5,5,5,5,5,3719,3719,3719,3719,3719,3719,3719,3719,3719,3719,3719,3719,3719,3719,3197,3197,3197,3197,3197,3197,3197,3197,3197,3197,3197,3197,3197,3197,3197,491,491,491,491,491,491,491,491,491,491,491,491,491,491,491,576,576,576,576,576,576,576,576,576,576,576,576,576,576,576,3157,3157,3157,3157,3157,3157,3157,3157,3157,3157,3157,3157,3157,3157,3709,3709,3709,3709
5,5,5,5,5,5,5,5,5,5,5,5,5,3685,3685,3685,3685,3685,3685,3685,3685,3685,3685,3685,3685,3685,3685,3197,3197,3197,3197,3197,3197,3197,3197,3197,3197,3197,3197,3197,3197,3197,491,491,491,491,491,491,491,491,491,491,491,491,491,491,491,573,573,573,573,573,573,573,573,573,573,573,573,573,573,573,3158,3158,3158,3158,3158,3158,3158,3158,3158,3158,3158,3158,3158,3158,3709,3709,3709,3709
4,4,5,5,5,5,5,5,5,5,5,5,5,5,5,5,3971,3971,3971,3971,3971,3971,3971,3971,3971,3971,3971,3971,3971,3971,3971,2480,2480,2480,2480,2480,2480,2480,2480,2480,2480,2480,2480,2480,2480,2480,118,118,118,118,118,118,118,118,118,118,118,118,118,118,1073,1073,1073,1073,1073,1073,1073,1073,1073,1073,1073,1073,1073,1073,1073,3701,3701,3701,3701,3701,3701,3701,3701,3701,3701,3701,3701,3701,3701,3701
5,5,5,5,5,5,5,5,5,5,5,3567,3567,3567,3567,3567,3567,3567,3567,3567,3567,3567,3567,3567,3567,3567,3351,3351,3351,3351,3351,3351,3351,3351,3351,3351,3351,3351,3351,3351,3351,640,640,640,640,640,640,640,640,640,640,640,640,640,640,640,342,342,342,342,342,342,342,342,342,342,342,342,342,342,2987,2987,2987,2987,2987,2987,2987,2987,2987,2987,2987,2987,2987,2987,2987,3807,3807,3807,3807,3807
5,5,5,5,2397,2397,2397,2397,2397,2397,2397,2397,2397,2397,2397,2397,2397,2397,2397,3985,3985,3985,3985,3985,3985,3985,3985,3985,3985,3985,3985,3985,3985,3985,2063,2063,2063,2063,2063,2063,2063,2063,2063,2063,2063,2063,2063,2063,15,15,15,15,15,15,15,15,15,15,15,15,15,15,15,1635,1635,1635,1635,1635,1635,1635,1635,1635,1635,1635,1635,1635,1635,1635,3923,3923,3923,3923,3923,3923,3923,3923,3923,3923,3923,3923
5,5,5,5,5,5,5,5,5,5,5,5,5,5,3829,3829,3829,3829,3829,3829,3829,3829,3829,3829,3829,3829,3829,3829,3032,3032,3032,3032,3032,3032,3032,3032,3032,3032,3032,3032,3032,3032,3032,368,368,368,368,368,368,368,368,368,368,368,368,368,368,368,732,732,732,732,732,732,732,732,732,732,732,732,732,732,732,3341,3341,3341,3341,3341,3341,3341,3341,3341,3341,3341,3341,3341,3341,3597,3597,3597
4,4,4,4,4,4,4,4,4,4,4,3565,3565,3565,3565,3565,3565,3565,3565,3565,3565,3565,3565,3565,3565,3565,3396,3396,3396,3396,3396,3396,3396,3396,3396,3396,3396,3396,3396,3396,778,778,778,778,778,778,778,778,778,778,778,778,778,778,778,338,338,338,338,338,338,338,338,338,338,338,338,338,338,338,2979,2979,2979,2979,2979,2979,2979,2979,2979,2979,2979,2979,2979,2979,2979,3870,3870,3870,3870,3870
4,4,4,4,4,4,4,4,4,4,4,4,4,4,4,3880,3880,3880,3880,3880,3880,3880,3880,3880,3880,3880,3880,3880,3880,2855,2855,2855,2855,2855,2855,2855,2855,2855,2855,2855,2855,2855,2855,2855,262,262,262,262,262,262,262,262,262,262,262,262,262,262,262,882,882,882,882,882,882,882,882,882,882,882,882,882,882,882,3457,3457,3457,3457,3457,3457,3457,3457,3457,3457,3457,3457,3457,3457,3469,3469
6,6,6,6,6,6,6,6,3127,3127,3127,3127,3127,3127,3127,3127,3127,3127,3127,3127,3127,3127,3127,3737,3737,3737,3737,3737,3737,3737,3737,3737,3737,3737,3737,3737,3737,3737,1296,1296,1296,1296,1296,1296,1296,1296,1296,1296,1296,1296,1296,1296,87,87,87,87,87,87,87,87,87,87,87,87,87,87,87,2429,2429,2429,2429,2429,2429,2429,2429,2429,2429,2429,2429,2429,2429,2429,3984,3984,3984,3984,3984,3984,3984,3984
4,4,4,4,4,4,4,4,4,4,4,4,4,4,4,3927,3927,3927,3927,3927,3927,3927,3927,3927,3927,3927,3927,3927,3927,3927,2678,2678,2678,2678,2678,2678,2678,2678,2678,2678,2678,2678,2678,2678,2678,231,231,231,231,231,231,231,231,231,231,231,231,231,231,902,902,902,902,902,902,902,902,902,902,902,902,902,902,902,3587,3587,3587,3587,3587,3587,3587,3587,3587,3587,3587,3587,3587,3587,3587,3336
4,4,4,4,4,4,4,4,4,3264,3264,3264,3264,3264,3264,3264,3264,3264,3264,3264,3264,3264,3264,3264,3727,3727,3727,3727,3727,3727,3727,3727,3727,3727,3727,3727,3727,3727,1118,1118,1118,1118,1118,1118,1118,1118,1118,1118,1118,1118,1118,1118,1118,152,152,152,152,152,152,152,152,152,152,152,152,152,152,152,2597,2597,2597,2597,2597,2597,2597,2597,2597,2597,2597,2597,2597,2597,2597,3980,3980,3980,3980,3980,3980,3980
4,4,4,2194,2194,2194,2194,2194,2194,2194,2194,2194,2194,2194,2194,2194,2194,2194,3998,3998,3998,3998,3998,3998,3998,3998,3998,3998,3998,3998,3998,3998,2283,2283,2283,2283,2283,2283,2283,2283,2283,2283,2283,2283,2283,2283,2283,49,49,49,49,49,49,49,49,49,49,49,49,49,49,49,1423,1423,1423,1423,1423,1423,1423,1423,1423,1423,1423,1423,1423,1423,1423,3799,3799,3799,3799,3799,3799,3799,3799,3799,3799,3799,3799,3799
5,5,5,5,5,5,5,5,5,5,5,5,5,5,3864,3864,3864,3864,3864,3864,3864,3864,3864,3864,3864,3864,3864,3864,3864,2855,2855,2855,2855,2855,2855,2855,2855,2855,2855,2855,2855,2855,2855,2855,272,272,272,272,272,272,272,272,272,272,272,272,272,272,272,743,743,743,743,743,743,743,743,743,743,743,743,743,743,3458,3458,3458,3458,3458,3458,3458,3458,3458,3458,3458,3458,3458,3458,3458,3471,3471
5,5,5,5,5,5,5,5,5,3287,3287,3287,3287,3287,3287,3287,3287,3287,3287,3287,3287,3287,3287,3287,3622,3622,3622,3622,3622,3622,3622,3622,3622,3622,3622,3622,3622,3622,3622,1027,1027,1027,1027,1027,1027,1027,1027,1027,1027,1027,1027,1027,1027,153,153,153,153,153,153,153,153,153,153,153,153,153,153,153,2622,2622,2622,2622,2622,2622,2622,2622,2622,2622,2622,2622,2622,2622,2622,3943,3943,3943,3943,3943,3943,3943
5,5,5,5,5,5,5,2935,2935,2935,2935,2935,2935,2935,2935,2935,2935,2935,2935,2935,2935,2935,3894,3894,3894,3894,3894,3894,3894,3894,3894,3894,3894,3894,3894,3894,1490,1490,1490,1490,1490,1490,1490,1490,1490,1490,1490,1490,1490,1490,1490,61,61,61,61,61,61,61,61,61,61,61,61,61,61,61,2169,2169,2169,2169,2169,2169,2169,2169,2169,2169,2169,2169,2169,2169,3998,3998,3998,3998,3998,3998,3998,3998,3998,3998
4,4,4,4,4,4,4,4,4,4,3435,3435,3435,3435,3435,3435,3435,3435,3435,3435,3435,3435,3435,3435,3435,3491,3491,3491,3491,3491,3491,3491,3491,3491,3491,3491,3491,3491,3491,3491,790,790,790,790,790,790,790,790,790,790,790,790,790,790,790,238,238,238,238,238,238,238,238,238,238,238,238,238,238,2811,2811,2811,2811,2811,2811,2811,2811,2811,2811,2811,2811,2811,2811,2811,3884,3884,3884,3884,3884,3884
4,4,4,4,4,4,4,4,3128,3128,3128,3128,3128,3128,3128,3128,3128,3128,3128,3128,3128,3128,3128,3739,3739,3739,3739,3739,3739,3739,3739,3739,3739,3739,3739,3739,3739,3739,1292,1292,1292,1292,1292,1292,1292,1292,1292,1292,1292,1292,1292,1292,86,86,86,86,86,86,86,86,86,86,86,86,86,86,86,2430,2430,2430,2430,2430,2430,2430,2430,2430,2430,2430,2430,2430,2430,2430,3981,3981,3981,3981,3981,3981,3981,3981
4,4,4,4,4,4,2782,2782,2782,2782,2782,2782,2782,2782,2782,2782,2782,2782,2782,2782,2782,3898,3898,3898,3898,3898,3898,3898,3898,3898,3898,3898,3898,3898,3898,3898,1680,1680,1680,1680,1680,1680,1680,1680,1680,1680,1680,1680,1680,1680,6,6,6,6,6,6,6,6,6,6,6,6,6,6,6,2032,2032,2032,2032,2032,2032,2032,2032,2032,2032,2032,2032,2032,2032,2032,3992,3992,3992,3992,3992,3992,3992,3992,3992,3992
5,5,5,5,5,5,5,5,5,5,5,5,5,5,5,3927,3927,3927,3927,3927,3927,3927,3927,3927,3927,3927,3927,3927,3927,3927,2672,2672,2672,2672,2672,2672,2672,2672,2672,2672,2672,2672,2672,2672,2672,193,193,193,193,193,193,193,193,193,193,193,193,193,193,901,901,901,901,901,901,901,901,901,901,901,901,901,901,901,3586,3586,3586,3586,3586,3586,3586,3586,3586,3586,3586,3586,3586,3586,3586,3333
5,5,5,5,5,5,5,5,5,5,5,5,3679,3679,3679,3679,3679,3679,3679,3679,3679,3679,3679,3679,3679,3679,3679,3250,3250,3250,3250,3250,3250,3250,3250,3250,3250,3250,3250,3250,3250,628,628,628,628,628,628,628,628,628,628,628,628,628,628,628,458,458,458,458,458,458,458,458,458,458,458,458,458,458,458,3153,3153,3153,3153,3153,3153,3153,3153,3153,3153,3153,3153,3153,3153,3153,3745,3745,3745,3745
5,5,451,451,451,451,451,451,451,451,451,451,451,451,451,451,3971,3971,3971,3971,3971,3971,3971,3971,3971,3971,3971,3971,3971,3971,3971,2479,2479,2479,2479,2479,2479,2479,2479,2479,2479,2479,2479,2479,2479,2479,108,108,108,108,108,108,108,108,108,108,108,108,108,108,108,1083,1083,1083,1083,1083,1083,1083,1083,1083,1083,1083,1083,1083,1083,3702,3702,3702,3702,3702,3702,3702,3702,3702,3702,3702,3702,3702,3702,3702
5,5,88,88,88,88,88,88,88,88,88,88,88,88,88,88,3971,3971,3971,3971,3971,3971,3971,3971,3971,3971,3971,3971,3971,3971,3971,2479,2479,2479,2479,2479,2479,2479,2479,2479,2479,2479,2479,2479,2479,2479,108,108,108,108,108,108,108,108,108,108,108,108,108,108,108,1100,1100,1100,1100,1100,1100,1100,1100,1100,1100,1100,1100,1100,1100,3701,3701,3701,3701,3701,3701,3701,3701,3701,3701,3701,3701,3701,3701,3701
4,4,1989,1989,1989,1989,1989,1989,1989,1989,1989,1989,1989,1989,1989,1989,1989,3994,3994,3994,3994,3994,3994,3994,3994,3994,3994,3994,3994,3994,3994,3994,2415,2415,2415,2415,2415,2415,2415,2415,2415,2415,2415,2415,2415,2415,102,102,102,102,102,102,102,102,102,102,102,102,102,102,102,1253,1253,1253,1253,1253,1253,1253,1253,1253,1253,1253,1253,1253,1253,1253,3786,3786,3786,3786,3786,3786,3786,3786,3786,3786,3786,3786,3786,3786
5,5,5,5,5,5,2762,2762,2762,2762,2762,2762,2762,2762,2762,2762,2762,2762,2762,2762,2762,3948,3948,3948,3948,3948,3948,3948,3948,3948,3948,3948,3948,3948,3948,1685,1685,1685,1685,1685,1685,1685,1685,1685,1685,1685,1685,1685,1685,1685,6,6,6,6,6,6,6,6,6,6,6,6,6,6,6,2011,2011,2011,2011,2011,2011,2011,2011,2011,2011,2011,2011,2011,2011,2011,3975,3975,3975,3975,3975,3975,3975,3975,3975,3975
5,5,5,5,5,5,5,5,5,3287,3287,3287,3287,3287,3287,3287,3287,3287,3287,3287,3287,3287,3287,3287,3632,3632,3632,3632,3632,3632,3632,3632,3632,3632,3632,3632,3632,3632,3632,1110,1110,1110,1110,1110,1110,1110,1110,1110,1110,1110,1110,1110,1110,153,153,153,153,153,153,153,153,153,153,153,153,153,153,153,2623,2623,2623,2623,2623,2623,2623,2623,2623,2623,2623,2623,2623,2623,2623,3945,3945,3945,3945,3945,3945,3945
4,4,34,34,34,34,34,34,34,34,34,34,34,34,34,34,3971,3971,3971,3971,3971,3971,3971,3971,3971,3971,3971,3971,3971,3971,3971,2479,2479,2479,2479,2479,2479,2479,2479,2479,2479,2479,2479,2479,2479,2479,113,113,113,113,113,113,113,113,113,113,113,113,113,113,113,1073,1073,1073,1073,1073,1073,1073,1073,1073,1073,1073,1073,1073,1073,3701,3701,3701,3701,3701,3701,3701,3701,3701,3701,3701,3701,3701,3701,3701
5,5,5,5,5,5,5,5,5,5,3431,3431,3431,3431,3431,3431,3431,3431,3431,3431,3431,3431,3431,3431,3431,3539,3539,3539,3539,3539,3539,3539,3539,3539,3539,3539,3539,3539,3539,943,943,943,943,943,943,943,943,943,943,943,943,943,943,943,236,236,236,236,236,236,236,236,236,236,236,236,236,236,236,2804,2804,2804,2804,2804,2804,2804,2804,2804,2804,2804,2804,2804,2804,2804,3917,3917,3917,3917,3917,3917
5,5,5,5,5,5,5,5,5,5,5,5,3612,3612,3612,3612,3612,3612,3612,3612,3612,3612,3612,3612,3612,3612,3351,3351,3351,3351,3351,3351,3351,3351,3351,3351,3351,3351,3351,3351,3351,629,629,629,629,629,629,629,629,629,629,629,629,629,629,629,445,445,445,445,445,445,445,445,445,445,445,445,445,445,445,2988,2988,2988,2988,2988,2988,2988,2988,2988,2988,2988,2988,2988,2988,3805,3805,3805,3805,3805
5,5,5,2182,2182,2182,2182,2182,2182,2182,2182,2182,2182,2182,2182,2182,2182,2182,3995,3995,3995,3995,3995,3995,3995,3995,3995,3995,3995,3995,3995,3995,2283,2283,2283,2283,2283,2283,2283,2283,2283,2283,2283,2283,2283,2283,2283,49,49,49,49,49,49,49,49,49,49,49,49,49,49,49,1394,1394,1394,1394,1394,1394,1394,1394,1394,1394,1394,1394,1394,1394,3798,3798,3798,3798,3798,3798,3798,3798,3798,3798,3798,3798,3798,3798
6,6,6,6,6,6,6,6,6,6,6,6,6,3783,3783,3783,3783,3783,3783,3783,3783,3783,3783,3783,3783,3783,3783,3783,3033,3033,3033,3033,3033,3033,3033,3033,3033,3033,3033,3033,3033,3033,3033,396,396,396,396,396,396,396,396,396,396,396,396,396,396,396,593,593,593,593,593,593,593,593,593,593,593,593,593,593,3315,3315,3315,3315,3315,3315,3315,3315,3315,3315,3315,3315,3315,3315,3315,3601,3601,3601
4,4,4,4,4,4,4,4,4,4,3424,3424,3424,3424,3424,3424,3424,3424,3424,3424,3424,3424,3424,3424,3424,3595,3595,3595,3595,3595,3595,3595,3595,3595,3595,3595,3595,3595,3595,943,943,943,943,943,943,943,943,943,943,943,943,943,943,943,236,236,236,236,236,236,236,236,236,236,236,236,236,236,236,2790,2790,2790,2790,2790,2790,2790,2790,2790,2790,2790,2790,2790,2790,2790,3940,3940,3940,3940,3940,3940
5,5,5,5,2397,2397,2397,2397,2397,2397,2397,2397,2397,2397,2397,2397,2397,2397,2397,3984,3984,3984,3984,3984,3984,3984,3984,3984,3984,3984,3984,3984,3984,3984,1910,1910,1910,1910,1910,1910,1910,1910,1910,1910,1910,1910,1910,1910,1910,15,15,15,15,15,15,15,15,15,15,15,15,15,15,1636,1636,1636,1636,1636,1636,1636,1636,1636,1636,1636,1636,1636,1636,1636,3935,3935,3935,3935,3935,3935,3935,3935,3935,3935,3935,3935
4,4,4,4,4,4,4,4,3129,3129,3129,3129,3129,3129,3129,3129,3129,3129,3129,3129,3129,3129,3129,3728,3728,3728,3728,3728,3728,3728,3728,3728,3728,3728,3728,3728,3728,3728,1128,1128,1128,1128,1128,1128,1128,1128,1128,1128,1128,1128,1128,1128,1128,87,87,87,87,87,87,87,87,87,87,87,87,87,87,2431,2431,2431,2431,2431,2431,2431,2431,2431,2431,2431,2431,2431,2431,2431,3980,3980,3980,3980,3980,3980,3980,3980
4,4,4,4,4,4,4,4,3128,3128,3128,3128,3128,3128,3128,3128,3128,3128,3128,3128,3128,3128,3128,3734,3734,3734,3734,3734,3734,3734,3734,3734,3734,3734,3734,3734,3734,3734,1264,1264,1264,1264,1264,1264,1264,1264,1264,1264,1264,1264,1264,1264,87,87,87,87,87,87,87,87,87,87,87,87,87,87,87,2430,2430,2430,2430,2430,2430,2430,2430,2430,2430,2430,2430,2430,2430,2430,3982,3982,3982,3982,3982,3982,3982,3982
4,4,4,4,4,2592,2592,2592,2592,2592,2592,2592,2592,2592,2592,2592,2592,2592,2592,2592,3949,3949,3949,3949,3949,3949,3949,3949,3949,3949,3949,3949,3949,3949,3949,1699,1699,1699,1699,1699,1699,1699,1699,1699,1699,1699,1699,1699,1699,1699,5,5,5,5,5,5,5,5,5,5,5,5,5,5,1834,1834,1834,1834,1834,1834,1834,1834,1834,1834,1834,1834,1834,1834,1834,3974,3974,3974,3974,3974,3974,3974,3974,3974,3974,3974
4,4,4,2001,2001,2001,2001,2001,2001,2001,2001,2001,2001,2001,2001,2001,2001,3997,3997,3997,3997,3997,3997,3997,3997,3997,3997,3997,3997,3997,3997,3997,2284,2284,2284,2284,2284,2284,2284,2284,2284,2284,2284,2284,2284,2284,2284,64,64,64,64,64,64,64,64,64,64,64,64,64,64,1254,1254,1254,1254,1254,1254,1254,1254,1254,1254,1254,1254,1254,1254,1254,3798,3798,3798,3798,3798,3798,3798,3798,3798,3798,3798,3798,3798,3798
5,5,5,5,5,5,5,5,5,5,5,5,3664,3664,3664,3664,3664,3664,3664,3664,3664,3664,3664,3664,3664,3664,3664,3351,3351,3351,3351,3351,3351,3351,3351,3351,3351,3351,3351,3351,3351,628,628,628,628,628,628,628,628,628,628,628,628,628,628,628,453,453,453,453,453,453,453,453,453,453,453,453,453,453,453,3040,3040,3040,3040,3040,3040,3040,3040,3040,3040,3040,3040,3040,3040,3805,3805,3805,3805,3805
