4,4,4,4,4,2583,2583,2583,2583,2583,2583,2583,2583,2583,2583,2583,2583,2583,2583,2583,3945,3945,3945,3945,3945,3945,3945,3945,3945,3945,3945,3945,3945,3945,1875,1875,1875,1875,1875,1875,1875,1875,1875,1875,1875,1875,1875,1875,1875,3,3,3,3,3,3,3,3,3,3,3,3,3,3,3,1635,1635,1635,1635,1635,1635,1635,1635,1635,1635,1635,1635,1635,1635,3928,3928,3928,3928,3928,3928,3928,3928,3928,3928,3928,3928
2,2,2,2,2,2,2,2,2,2,3428,3428,3428,3428,3428,3428,3428,3428,3428,3428,3428,3428,3428,3428,3428,3491,3491,3491,3491,3491,3491,3491,3491,3491,3491,3491,3491,3491,3491,3491,932,932,932,932,932,932,932,932,932,932,932,932,932,932,225,225,225,225,225,225,225,225,225,225,225,225,225,225,225,2716,2716,2716,2716,2716,2716,2716,2716,2716,2716,2716,2716,2716,2716,3933,3933,3933,3933,3933,3933,3933
2,2,2,2,2,2,2,2,3121,3121,3121,3121,3121,3121,3121,3121,3121,3121,3121,3121,3121,3121,3121,3763,3763,3763,3763,3763,3763,3763,3763,3763,3763,3763,3763,3763,3763,1290,1290,1290,1290,1290,1290,1290,1290,1290,1290,1290,1290,1290,1290,1290,102,102,102,102,102,102,102,102,102,102,102,102,102,102,2225,2225,2225,2225,2225,2225,2225,2225,2225,2225,2225,2225,2225,2225,2225,3995,3995,3995,3995,3995,3995,3995,3995,3995
1,1,1,1,1,2582,2582,2582,2582,2582,2582,2582,2582,2582,2582,2582,2582,2582,2582,2582,3943,3943,3943,3943,3943,3943,3943,3943,3943,3943,3943,3943,3943,3943,3943,1876,1876,1876,1876,1876,1876,1876,1876,1876,1876,1876,1876,1876,1876,3,3,3,3,3,3,3,3,3,3,3,3,3,3,3,1788,1788,1788,1788,1788,1788,1788,1788,1788,1788,1788,1788,1788,1788,3929,3929,3929,3929,3929,3929,3929,3929,3929,3929,3929,3929
2,2,2,2,2,2,2,2,3120,3120,3120,3120,3120,3120,3120,3120,3120,3120,3120,3120,3120,3120,3120,3762,3762,3762,3762,3762,3762,3762,3762,3762,3762,3762,3762,3762,3762,1291,1291,1291,1291,1291,1291,1291,1291,1291,1291,1291,1291,1291,1291,1291,102,102,102,102,102,102,102,102,102,102,102,102,102,102,2224,2224,2224,2224,2224,2224,2224,2224,2224,2224,2224,2224,2224,2224,2224,3990,3990,3990,3990,3990,3990,3990,3990,3990
1,1,1,1,1,1,1,1,1,1,1,1,3633,3633,3633,3633,3633,3633,3633,3633,3633,3633,3633,3633,3633,3633,3346,3346,3346,3346,3346,3346,3346,3346,3346,3346,3346,3346,3346,3346,3346,631,631,631,631,631,631,631,631,631,631,631,631,631,631,328,328,328,328,328,328,328,328,328,328,328,328,328,328,328,2979,2979,2979,2979,2979,2979,2979,2979,2979,2979,2979,2979,2979,2979,2979,3843,3843,3843,3843,3843
1,1,1,1,1,1,2740,2740,2740,2740,2740,2740,2740,2740,2740,2740,2740,2740,2740,2740,3941,3941,3941,3941,3941,3941,3941,3941,3941,3941,3941,3941,3941,3941,3941,1686,1686,1686,1686,1686,1686,1686,1686,1686,1686,1686,1686,1686,1686,1686,3,3,3,3,3,3,3,3,3,3,3,3,3,3,1825,1825,1825,1825,1825,1825,1825,1825,1825,1825,1825,1825,1825,1825,1825,3953,3953,3953,3953,3953,3953,3953,3953,3953,3953,3953
1,1,1,1,1,1,1,1,1,3280,3280,3280,3280,3280,3280,3280,3280,3280,3280,3280,3280,3280,3280,3280,3614,3614,3614,3614,3614,3614,3614,3614,3614,3614,3614,3614,3614,3614,3614,1052,1052,1052,1052,1052,1052,1052,1052,1052,1052,1052,1052,1052,1052,141,141,141,141,141,141,141,141,141,141,141,141,141,141,141,2601,2601,2601,2601,2601,2601,2601,2601,2601,2601,2601,2601,2601,2601,3972,3972,3972,3972,3972,3972,3972,3972
1,1,1,1,1,1,1,1,1,1,1,1,1,3697,3697,3697,3697,3697,3697,3697,3697,3697,3697,3697,3697,3697,3697,3190,3190,3190,3190,3190,3190,3190,3190,3190,3190,3190,3190,3190,3190,3190,508,508,508,508,508,508,508,508,508,508,508,508,508,508,447,447,447,447,447,447,447,447,447,447,447,447,447,447,447,3146,3146,3146,3146,3146,3146,3146,3146,3146,3146,3146,3146,3146,3146,3146,3795,3795,3795,3795
0,0,0,0,0,0,0,0,0,0,0,0,0,0,3843,3843,3843,3843,3843,3843,3843,3843,3843,3843,3843,3843,3843,3843,3022,3022,3022,3022,3022,3022,3022,3022,3022,3022,3022,3022,3022,3022,3022,361,361,361,361,361,361,361,361,361,361,361,361,361,361,361,581,581,581,581,581,581,581,581,581,581,581,581,581,581,3307,3307,3307,3307,3307,3307,3307,3307,3307,3307,3307,3307,3307,3307,3307,3633,3633,3633
1,1,1,1,2386,2386,2386,2386,2386,2386,2386,2386,2386,2386,2386,2386,2386,2386,2386,3991,3991,3991,3991,3991,3991,3991,3991,3991,3991,3991,3991,3991,3991,2078,2078,2078,2078,2078,2078,2078,2078,2078,2078,2078,2078,2078,2078,2078,23,23,23,23,23,23,23,23,23,23,23,23,23,23,1433,1433,1433,1433,1433,1433,1433,1433,1433,1433,1433,1433,1433,1433,1433,3863,3863,3863,3863,3863,3863,3863,3863,3863,3863,3863,3863,3863
2,2,2,2,2,2,2,2,2,2,3428,3428,3428,3428,3428,3428,3428,3428,3428,3428,3428,3428,3428,3428,3428,3513,3513,3513,3513,3513,3513,3513,3513,3513,3513,3513,3513,3513,3513,933,933,933,933,933,933,933,933,933,933,933,933,933,933,933,224,224,224,224,224,224,224,224,224,224,224,224,224,224,224,2615,2615,2615,2615,2615,2615,2615,2615,2615,2615,2615,2615,2615,2615,3933,3933,3933,3933,3933,3933,3933
1,1,1,1,1,1,1,1,1,1,1,1,1,3773,3773,3773,3773,3773,3773,3773,3773,3773,3773,3773,3773,3773,3773,3773,3108,3108,3108,3108,3108,3108,3108,3108,3108,3108,3108,3108,3108,3108,478,478,478,478,478,478,478,478,478,478,478,478,478,478,478,571,571,571,571,571,571,571,571,571,571,571,571,571,571,3151,3151,3151,3151,3151,3151,3151,3151,3151,3151,3151,3151,3151,3151,3151,3706,3706,3706,3706
1,1,1,1,1,1,1,1,1,1,1,3559,3559,3559,3559,3559,3559,3559,3559,3559,3559,3559,3559,3559,3559,3559,3416,3416,3416,3416,3416,3416,3416,3416,3416,3416,3416,3416,3416,3416,768,768,768,768,768,768,768,768,768,768,768,768,768,768,768,314,314,314,314,314,314,314,314,314,314,314,314,314,314,2801,2801,2801,2801,2801,2801,2801,2801,2801,2801,2801,2801,2801,2801,2801,3877,3877,3877,3877,3877,3877
1,1,1,1,1,1,1,2795,2795,2795,2795,2795,2795,2795,2795,2795,2795,2795,2795,2795,2795,3886,3886,3886,3886,3886,3886,3886,3886,3886,3886,3886,3886,3886,3886,3886,1535,1535,1535,1535,1535,1535,1535,1535,1535,1535,1535,1535,1535,1535,2,2,2,2,2,2,2,2,2,2,2,2,2,2,2,2022,2022,2022,2022,2022,2022,2022,2022,2022,2022,2022,2022,2022,2022,2022,3969,3969,3969,3969,3969,3969,3969,3969,3969,3969
3,3,3,3,3,3,3,2949,2949,2949,2949,2949,2949,2949,2949,2949,2949,2949,2949,2949,2949,2949,3880,3880,3880,3880,3880,3880,3880,3880,3880,3880,3880,3880,3880,3880,1482,1482,1482,1482,1482,1482,1482,1482,1482,1482,1482,1482,1482,1482,1482,3,3,3,3,3,3,3,3,3,3,3,3,3,3,2026,2026,2026,2026,2026,2026,2026,2026,2026,2026,2026,2026,2026,2026,2026,3986,3986,3986,3986,3986,3986,3986,3986,3986,3986
1,1,2,2,2,2,2,2,2,2,2,2,2,2,2,2,3963,3963,3963,3963,3963,3963,3963,3963,3963,3963,3963,3963,3963,3963,3963,2566,2566,2566,2566,2566,2566,2566,2566,2566,2566,2566,2566,2566,2566,161,161,161,161,161,161,161,161,161,161,161,161,161,161,161,1054,1054,1054,1054,1054,1054,1054,1054,1054,1054,1054,1054,1054,1054,3578,3578,3578,3578,3578,3578,3578,3578,3578,3578,3578,3578,3578,3578,3578,3322
2,2,2,2,2,2,2,2,2,2,2,2,2,3774,3774,3774,3774,3774,3774,3774,3774,3774,3774,3774,3774,3774,3774,3774,3041,3041,3041,3041,3041,3041,3041,3041,3041,3041,3041,3041,3041,3041,479,479,479,479,479,479,479,479,479,479,479,479,479,479,479,579,579,579,579,579,579,579,579,579,579,579,579,579,579,579,3166,3166,3166,3166,3166,3166,3166,3166,3166,3166,3166,3166,3166,3166,3703,3703,3703,3703
1,1,1,2191,2191,2191,2191,2191,2191,2191,2191,2191,2191,2191,2191,2191,2191,2191,3991,3991,3991,3991,3991,3991,3991,3991,3991,3991,3991,3991,3991,3991,3991,2273,2273,2273,2273,2273,2273,2273,2273,2273,2273,2273,2273,2273,2273,37,37,37,37,37,37,37,37,37,37,37,37,37,37,37,1368,1368,1368,1368,1368,1368,1368,1368,1368,1368,1368,1368,1368,1368,3789,3789,3789,3789,3789,3789,3789,3789,3789,3789,3789,3789,3789,3789
2,2,5,5,5,5,5,5,5,5,5,5,5,5,5,5,3964,3964,3964,3964,3964,3964,3964,3964,3964,3964,3964,3964,3964,3964,3964,2479,2479,2479,2479,2479,2479,2479,2479,2479,2479,2479,2479,2479,2479,2479,161,161,161,161,161,161,161,161,161,161,161,161,161,161,1062,1062,1062,1062,1062,1062,1062,1062,1062,1062,1062,1062,1062,1062,1062,3630,3630,3630,3630,3630,3630,3630,3630,3630,3630,3630,3630,3630,3630,3320
4,4,4,4,4,4,4,4,3059,3059,3059,3059,3059,3059,3059,3059,3059,3059,3059,3059,3059,3059,3812,3812,3812,3812,3812,3812,3812,3812,3812,3812,3812,3812,3812,3812,3812,1313,1313,1313,1313,1313,1313,1313,1313,1313,1313,1313,1313,1313,1313,6,6,6,6,6,6,6,6,6,6,6,6,6,6,6,2222,2222,2222,2222,2222,2222,2222,2222,2222,2222,2222,2222,2222,2222,2222,3989,3989,3989,3989,3989,3989,3989,3989,3989
3,3,3,3,3,3,3,3,3,3,3,3,3,3,3,3858,3858,3858,3858,3858,3858,3858,3858,3858,3858,3858,3858,3858,3858,2849,2849,2849,2849,2849,2849,2849,2849,2849,2849,2849,2849,2849,2849,2849,312,312,312,312,312,312,312,312,312,312,312,312,312,312,729,729,729,729,729,729,729,729,729,729,729,729,729,729,729,3436,3436,3436,3436,3436,3436,3436,3436,3436,3436,3436,3436,3436,3436,3589,3589,3589
2,2,1979,1979,1979,1979,1979,1979,1979,1979,1979,1979,1979,1979,1979,1979,1979,3987,3987,3987,3987,3987,3987,3987,3987,3987,3987,3987,3987,3987,3987,3987,2450,2450,2450,2450,2450,2450,2450,2450,2450,2450,2450,2450,2450,2450,90,90,90,90,90,90,90,90,90,90,90,90,90,90,90,1219,1219,1219,1219,1219,1219,1219,1219,1219,1219,1219,1219,1219,1219,3693,3693,3693,3693,3693,3693,3693,3693,3693,3693,3693,3693,3693,3693,3693
1,1,1,1,1,1,1,1,1,1,1,1,1,1,3849,3849,3849,3849,3849,3849,3849,3849,3849,3849,3849,3849,3849,3849,3023,3023,3023,3023,3023,3023,3023,3023,3023,3023,3023,3023,3023,3023,3023,362,362,362,362,362,362,362,362,362,362,362,362,362,362,362,618,618,618,618,618,618,618,618,618,618,618,618,618,618,3307,3307,3307,3307,3307,3307,3307,3307,3307,3307,3307,3307,3307,3307,3307,3616,3616,3616
3,3,1,1,1,1,1,1,1,1,1,1,1,1,1,1,3963,3963,3963,3963,3963,3963,3963,3963,3963,3963,3963,3963,3963,3963,3963,2550,2550,2550,2550,2550,2550,2550,2550,2550,2550,2550,2550,2550,2550,159,159,159,159,159,159,159,159,159,159,159,159,159,159,159,1054,1054,1054,1054,1054,1054,1054,1054,1054,1054,1054,1054,1054,1054,3579,3579,3579,3579,3579,3579,3579,3579,3579,3579,3579,3579,3579,3579,3579,3326
3,3,3,3,3,2582,2582,2582,2582,2582,2582,2582,2582,2582,2582,2582,2582,2582,2582,2582,3949,3949,3949,3949,3949,3949,3949,3949,3949,3949,3949,3949,3949,3949,1875,1875,1875,1875,1875,1875,1875,1875,1875,1875,1875,1875,1875,1875,1875,4,4,4,4,4,4,4,4,4,4,4,4,4,4,4,1629,1629,1629,1629,1629,1629,1629,1629,1629,1629,1629,1629,1629,1629,3928,3928,3928,3928,3928,3928,3928,3928,3928,3928,3928,3928
2,2,2,2,2389,2389,2389,2389,2389,2389,2389,2389,2389,2389,2389,2389,2389,2389,2389,3975,3975,3975,3975,3975,3975,3975,3975,3975,3975,3975,3975,3975,3975,3975,2056,2056,2056,2056,2056,2056,2056,2056,2056,2056,2056,2056,2056,2056,8,8,8,8,8,8,8,8,8,8,8,8,8,8,8,1602,1602,1602,1602,1602,1602,1602,1602,1602,1602,1602,1602,1602,1602,3867,3867,3867,3867,3867,3867,3867,3867,3867,3867,3867,3867,3867
2,2,2,2,2,2,2,2,2,3280,3280,3280,3280,3280,3280,3280,3280,3280,3280,3280,3280,3280,3280,3280,3612,3612,3612,3612,3612,3612,3612,3612,3612,3612,3612,3612,3612,3612,3612,1066,1066,1066,1066,1066,1066,1066,1066,1066,1066,1066,1066,1066,1066,140,140,140,140,140,140,140,140,140,140,140,140,140,140,140,2598,2598,2598,2598,2598,2598,2598,2598,2598,2598,2598,2598,2598,2598,3974,3974,3974,3974,3974,3974,3974,3974
1,1,1,1,1,1,2769,2769,2769,2769,2769,2769,2769,2769,2769,2769,2769,2769,2769,2769,2769,3922,3922,3922,3922,3922,3922,3922,3922,3922,3922,3922,3922,3922,3922,1676,1676,1676,1676,1676,1676,1676,1676,1676,1676,1676,1676,1676,1676,1676,4,4,4,4,4,4,4,4,4,4,4,4,4,4,1826,1826,1826,1826,1826,1826,1826,1826,1826,1826,1826,1826,1826,1826,1826,3966,3966,3966,3966,3966,3966,3966,3966,3966,3966,3966
1,1,1,1,1,1,1,1,1,1,1,1,3628,3628,3628,3628,3628,3628,3628,3628,3628,3628,3628,3628,3628,3628,3344,3344,3344,3344,3344,3344,3344,3344,3344,3344,3344,3344,3344,3344,3344,633,633,633,633,633,633,633,633,633,633,633,633,633,633,328,328,328,328,328,328,328,328,328,328,328,328,328,328,328,2978,2978,2978,2978,2978,2978,2978,2978,2978,2978,2978,2978,2978,2978,2978,3863,3863,3863,3863,3863
4,4,4,4,4,4,4,4,4,4,4,4,4,3775,3775,3775,3775,3775,3775,3775,3775,3775,3775,3775,3775,3775,3775,3775,3034,3034,3034,3034,3034,3034,3034,3034,3034,3034,3034,3034,3034,3034,3034,479,479,479,479,479,479,479,479,479,479,479,479,479,479,580,580,580,580,580,580,580,580,580,580,580,580,580,580,580,3205,3205,3205,3205,3205,3205,3205,3205,3205,3205,3205,3205,3205,3205,3702,3702,3702,3702
1,1,1,1,1,1,1,1,1,1,1,1,3559,3559,3559,3559,3559,3559,3559,3559,3559,3559,3559,3559,3559,3559,3346,3346,3346,3346,3346,3346,3346,3346,3346,3346,3346,3346,3346,3346,3346,689,689,689,689,689,689,689,689,689,689,689,689,689,689,327,327,327,327,327,327,327,327,327,327,327,327,327,327,327,2970,2970,2970,2970,2970,2970,2970,2970,2970,2970,2970,2970,2970,2970,3874,3874,3874,3874,3874,3874
2,2,2,2,2,2,2,2,2,2,2,2,2,3773,3773,3773,3773,3773,3773,3773,3773,3773,3773,3773,3773,3773,3773,3773,3126,3126,3126,3126,3126,3126,3126,3126,3126,3126,3126,3126,3126,3126,480,480,480,480,480,480,480,480,480,480,480,480,480,480,480,570,570,570,570,570,570,570,570,570,570,570,570,570,570,3150,3150,3150,3150,3150,3150,3150,3150,3150,3150,3150,3150,3150,3150,3150,3705,3705,3705,3705
2,2,2,2,2,2,2,2,3121,3121,3121,3121,3121,3121,3121,3121,3121,3121,3121,3121,3121,3121,3121,3721,3721,3721,3721,3721,3721,3721,3721,3721,3721,3721,3721,3721,3721,3721,1280,1280,1280,1280,1280,1280,1280,1280,1280,1280,1280,1280,1280,1280,77,77,77,77,77,77,77,77,77,77,77,77,77,77,77,2388,2388,2388,2388,2388,2388,2388,2388,2388,2388,2388,2388,2388,2388,3990,3990,3990,3990,3990,3990,3990,3990,3990
1,1,1,1,1,1,1,1,1,1,3301,3301,3301,3301,3301,3301,3301,3301,3301,3301,3301,3301,3301,3301,3610,3610,3610,3610,3610,3610,3610,3610,3610,3610,3610,3610,3610,3610,3610,968,968,968,968,968,968,968,968,968,968,968,968,968,968,141,141,141,141,141,141,141,141,141,141,141,141,141,141,141,2611,2611,2611,2611,2611,2611,2611,2611,2611,2611,2611,2611,2611,2611,2611,3971,3971,3971,3971,3971,3971,3971
1,1,1,2191,2191,2191,2191,2191,2191,2191,2191,2191,2191,2191,2191,2191,2191,2191,3989,3989,3989,3989,3989,3989,3989,3989,3989,3989,3989,3989,3989,3989,2275,2275,2275,2275,2275,2275,2275,2275,2275,2275,2275,2275,2275,2275,2275,48,48,48,48,48,48,48,48,48,48,48,48,48,48,1244,1244,1244,1244,1244,1244,1244,1244,1244,1244,1244,1244,1244,1244,1244,3786,3786,3786,3786,3786,3786,3786,3786,3786,3786,3786,3786,3786,3786
1,1,1,1,1,1,1,1,1,1,3429,3429,3429,3429,3429,3429,3429,3429,3429,3429,3429,3429,3429,3429,3429,3489,3489,3489,3489,3489,3489,3489,3489,3489,3489,3489,3489,3489,3489,3489,921,921,921,921,921,921,921,921,921,921,921,921,921,921,226,226,226,226,226,226,226,226,226,226,226,226,226,226,226,2770,2770,2770,2770,2770,2770,2770,2770,2770,2770,2770,2770,2770,2770,3932,3932,3932,3932,3932,3932,3932
1,1,1,1,1,1,1,1,1,1,1,1,3675,3675,3675,3675,3675,3675,3675,3675,3675,3675,3675,3675,3675,3675,3675,3268,3268,3268,3268,3268,3268,3268,3268,3268,3268,3268,3268,3268,3268,617,617,617,617,617,617,617,617,617,617,617,617,617,617,617,436,436,436,436,436,436,436,436,436,436,436,436,436,436,2978,2978,2978,2978,2978,2978,2978,2978,2978,2978,2978,2978,2978,2978,2978,3799,3799,3799,3799,3799
0,0,0,0,0,0,0,0,0,3279,3279,3279,3279,3279,3279,3279,3279,3279,3279,3279,3279,3279,3279,3279,3615,3615,3615,3615,3615,3615,3615,3615,3615,3615,3615,3615,3615,3615,3615,1108,1108,1108,1108,1108,1108,1108,1108,1108,1108,1108,1108,1108,1108,140,140,140,140,140,140,140,140,140,140,140,140,140,140,140,2528,2528,2528,2528,2528,2528,2528,2528,2528,2528,2528,2528,2528,2528,3972,3972,3972,3972,3972,3972,3972,3972
1,1,1,1,1,1,1,1,1,1,1,1,3659,3659,3659,3659,3659,3659,3659,3659,3659,3659,3659,3659,3659,3659,3343,3343,3343,3343,3343,3343,3343,3343,3343,3343,3343,3343,3343,3343,3343,625,625,625,625,625,625,625,625,625,625,625,625,625,625,625,330,330,330,330,330,330,330,330,330,330,330,330,330,330,2975,2975,2975,2975,2975,2975,2975,2975,2975,2975,2975,2975,2975,2975,2975,3835,3835,3835,3835,3835
2,2,2,2,2,2,2,2,2,2,3280,3280,3280,3280,3280,3280,3280,3280,3280,3280,3280,3280,3280,3280,3609,3609,3609,3609,3609,3609,3609,3609,3609,3609,3609,3609,3609,3609,3609,1023,1023,1023,1023,1023,1023,1023,1023,1023,1023,1023,1023,1023,1023,141,141,141,141,141,141,141,141,141,141,141,141,141,141,141,2604,2604,2604,2604,2604,2604,2604,2604,2604,2604,2604,2604,2604,2604,3971,3971,3971,3971,3971,3971,3971,3971
1,1,1,1,1,1,1,2937,2937,2937,2937,2937,2937,2937,2937,2937,2937,2937,2937,2937,2937,3888,3888,3888,3888,3888,3888,3888,3888,3888,3888,3888,3888,3888,3888,3888,1485,1485,1485,1485,1485,1485,1485,1485,1485,1485,1485,1485,1485,1485,1485,3,3,3,3,3,3,3,3,3,3,3,3,3,3,2026,2026,2026,2026,2026,2026,2026,2026,2026,2026,2026,2026,2026,2026,2026,3981,3981,3981,3981,3981,3981,3981,3981,3981,3981
2,2,2,2,2,2,2,2,2,2,2,2,2,3770,3770,3770,3770,3770,3770,3770,3770,3770,3770,3770,3770,3770,3770,3770,3189,3189,3189,3189,3189,3189,3189,3189,3189,3189,3189,3189,3189,3189,480,480,480,480,480,480,480,480,480,480,480,480,480,480,480,523,523,523,523,523,523,523,523,523,523,523,523,523,523,3149,3149,3149,3149,3149,3149,3149,3149,3149,3149,3149,3149,3149,3149,3149,3714,3714,3714,3714
1,1,1,1,1,1,1,1,1,1,1,1,1,1,3856,3856,3856,3856,3856,3856,3856,3856,3856,3856,3856,3856,3856,3856,3856,2860,2860,2860,2860,2860,2860,2860,2860,2860,2860,2860,2860,2860,2860,354,354,354,354,354,354,354,354,354,354,354,354,354,354,354,728,728,728,728,728,728,728,728,728,728,728,728,728,728,728,3341,3341,3341,3341,3341,3341,3341,3341,3341,3341,3341,3341,3341,3341,3590,3590,3590
2,2,2,2,2,2,2,2,2,2,2,2,3675,3675,3675,3675,3675,3675,3675,3675,3675,3675,3675,3675,3675,3675,3675,3218,3218,3218,3218,3218,3218,3218,3218,3218,3218,3218,3218,3218,3218,616,616,616,616,616,616,616,616,616,616,616,616,616,616,616,443,443,443,443,443,443,443,443,443,443,443,443,443,443,443,2979,2979,2979,2979,2979,2979,2979,2979,2979,2979,2979,2979,2979,2979,3797,3797,3797,3797,3797
1,1,1,1,1,1,1,1,3120,3120,3120,3120,3120,3120,3120,3120,3120,3120,3120,3120,3120,3120,3120,3722,3722,3722,3722,3722,3722,3722,3722,3722,3722,3722,3722,3722,3722,3722,1271,1271,1271,1271,1271,1271,1271,1271,1271,1271,1271,1271,1271,1271,77,77,77,77,77,77,77,77,77,77,77,77,77,77,77,2395,2395,2395,2395,2395,2395,2395,2395,2395,2395,2395,2395,2395,2395,3990,3990,3990,3990,3990,3990,3990,3990,3990
1,1,1,1,1,1,1,1,3121,3121,3121,3121,3121,3121,3121,3121,3121,3121,3121,3121,3121,3121,3121,3726,3726,3726,3726,3726,3726,3726,3726,3726,3726,3726,3726,3726,3726,3726,1290,1290,1290,1290,1290,1290,1290,1290,1290,1290,1290,1290,1290,1290,81,81,81,81,81,81,81,81,81,81,81,81,81,81,81,2321,2321,2321,2321,2321,2321,2321,2321,2321,2321,2321,2321,2321,2321,3990,3990,3990,3990,3990,3990,3990,3990,3990
1,1,1,1,1,1,2583,2583,2583,2583,2583,2583,2583,2583,2583,2583,2583,2583,2583,2583,3942,3942,3942,3942,3942,3942,3942,3942,3942,3942,3942,3942,3942,3942,3942,1762,1762,1762,1762,1762,1762,1762,1762,1762,1762,1762,1762,1762,1762,4,4,4,4,4,4,4,4,4,4,4,4,4,4,4,1820,1820,1820,1820,1820,1820,1820,1820,1820,1820,1820,1820,1820,1820,3929,3929,3929,3929,3929,3929,3929,3929,3929,3929,3929,3929
2,2,2,2,2348,2348,2348,2348,2348,2348,2348,2348,2348,2348,2348,2348,2348,2348,3991,3991,3991,3991,3991,3991,3991,3991,3991,3991,3991,3991,3991,3991,3991,2084,2084,2084,2084,2084,2084,2084,2084,2084,2084,2084,2084,2084,2084,2084,39,39,39,39,39,39,39,39,39,39,39,39,39,39,1435,1435,1435,1435,1435,1435,1435,1435,1435,1435,1435,1435,1435,1435,1435,3837,3837,3837,3837,3837,3837,3837,3837,3837,3837,3837,3837,3837
1,1,1,1,2192,2192,2192,2192,2192,2192,2192,2192,2192,2192,2192,2192,2192,2192,3991,3991,3991,3991,3991,3991,3991,3991,3991,3991,3991,3991,3991,3991,3991,2171,2171,2171,2171,2171,2171,2171,2171,2171,2171,2171,2171,2171,2171,37,37,37,37,37,37,37,37,37,37,37,37,37,37,37,1424,1424,1424,1424,1424,1424,1424,1424,1424,1424,1424,1424,1424,1424,3790,3790,3790,3790,3790,3790,3790,3790,3790,3790,3790,3790,3790,3790
1,1,1,1,2382,2382,2382,2382,2382,2382,2382,2382,2382,2382,2382,2382,2382,2382,3992,3992,3992,3992,3992,3992,3992,3992,3992,3992,3992,3992,3992,3992,3992,2079,2079,2079,2079,2079,2079,2079,2079,2079,2079,2079,2079,2079,2079,2079,33,33,33,33,33,33,33,33,33,33,33,33,33,33,1433,1433,1433,1433,1433,1433,1433,1433,1433,1433,1433,1433,1433,1433,1433,3855,3855,3855,3855,3855,3855,3855,3855,3855,3855,3855,3855,3855
2,2,1981,1981,1981,1981,1981,1981,1981,1981,1981,1981,1981,1981,1981,1981,1981,3987,3987,3987,3987,3987,3987,3987,3987,3987,3987,3987,3987,3987,3987,3987,2436,2436,2436,2436,2436,2436,2436,2436,2436,2436,2436,2436,2436,2436,91,91,91,91,91,91,91,91,91,91,91,91,91,91,91,1228,1228,1228,1228,1228,1228,1228,1228,1228,1228,1228,1228,1228,1228,3693,3693,3693,3693,3693,3693,3693,3693,3693,3693,3693,3693,3693,3693,3693
2,2,2,2,2,2,2,2,2,2,2,3559,3559,3559,3559,3559,3559,3559,3559,3559,3559,3559,3559,3559,3559,3559,3407,3407,3407,3407,3407,3407,3407,3407,3407,3407,3407,3407,3407,3407,767,767,767,767,767,767,767,767,767,767,767,767,767,767,767,317,317,317,317,317,317,317,317,317,317,317,317,317,317,2801,2801,2801,2801,2801,2801,2801,2801,2801,2801,2801,2801,2801,2801,2801,3876,3876,3876,3876,3876,3876
2,2,2,2,2,2,2,2,2,2,2,2,3676,3676,3676,3676,3676,3676,3676,3676,3676,3676,3676,3676,3676,3676,3676,3232,3232,3232,3232,3232,3232,3232,3232,3232,3232,3232,3232,3232,3232,616,616,616,616,616,616,616,616,616,616,616,616,616,616,616,444,444,444,444,444,444,444,444,444,444,444,444,444,444,444,2980,2980,2980,2980,2980,2980,2980,2980,2980,2980,2980,2980,2980,2980,3798,3798,3798,3798,3798
1,1,1,1,1,1,1,1,1,1,1,1,3674,3674,3674,3674,3674,3674,3674,3674,3674,3674,3674,3674,3674,3674,3674,3280,3280,3280,3280,3280,3280,3280,3280,3280,3280,3280,3280,3280,3280,614,614,614,614,614,614,614,614,614,614,614,614,614,614,614,434,434,434,434,434,434,434,434,434,434,434,434,434,434,2980,2980,2980,2980,2980,2980,2980,2980,2980,2980,2980,2980,2980,2980,2980,3799,3799,3799,3799,3799
1,1,1,1,1,1,1,1,1,1,1,1,1,1,1,3888,3888,3888,3888,3888,3888,3888,3888,3888,3888,3888,3888,3888,3888,2847,2847,2847,2847,2847,2847,2847,2847,2847,2847,2847,2847,2847,2847,2847,263,263,263,263,263,263,263,263,263,263,263,263,263,263,729,729,729,729,729,729,729,729,729,729,729,729,729,729,729,3448,3448,3448,3448,3448,3448,3448,3448,3448,3448,3448,3448,3448,3448,3448,3570,3570
2,2,2,2,2,2,2726,2726,2726,2726,2726,2726,2726,2726,2726,2726,2726,2726,2726,2726,3940,3940,3940,3940,3940,3940,3940,3940,3940,3940,3940,3940,3940,3940,3940,1684,1684,1684,1684,1684,1684,1684,1684,1684,1684,1684,1684,1684,1684,1684,5,5,5,5,5,5,5,5,5,5,5,5,5,5,1827,1827,1827,1827,1827,1827,1827,1827,1827,1827,1827,1827,1827,1827,1827,3952,3952,3952,3952,3952,3952,3952,3952,3952,3952,3952
1,1,1,1,1,1,1,1,1,3264,3264,3264,3264,3264,3264,3264,3264,3264,3264,3264,3264,3264,3264,3719,3719,3719,3719,3719,3719,3719,3719,3719,3719,3719,3719,3719,3719,3719,1116,1116,1116,1116,1116,1116,1116,1116,1116,1116,1116,1116,1116,1116,1116,75,75,75,75,75,75,75,75,75,75,75,75,75,75,2422,2422,2422,2422,2422,2422,2422,2422,2422,2422,2422,2422,2422,2422,2422,3982,3982,3982,3982,3982,3982,3982,3982
1,1,1,1,1,1,1,1,1,1,3427,3427,3427,3427,3427,3427,3427,3427,3427,3427,3427,3427,3427,3427,3427,3493,3493,3493,3493,3493,3493,3493,3493,3493,3493,3493,3493,3493,3493,3493,932,932,932,932,932,932,932,932,932,932,932,932,932,932,225,225,225,225,225,225,225,225,225,225,225,225,225,225,225,2717,2717,2717,2717,2717,2717,2717,2717,2717,2717,2717,2717,2717,2717,3933,3933,3933,3933,3933,3933,3933
1,1,1,1,1,1,2770,2770,2770,2770,2770,2770,2770,2770,2770,2770,2770,2770,2770,2770,2770,3905,3905,3905,3905,3905,3905,3905,3905,3905,3905,3905,3905,3905,3905,1677,1677,1677,1677,1677,1677,1677,1677,1677,1677,1677,1677,1677,1677,1677,2,2,2,2,2,2,2,2,2,2,2,2,2,2,1826,1826,1826,1826,1826,1826,1826,1826,1826,1826,1826,1826,1826,1826,1826,3968,3968,3968,3968,3968,3968,3968,3968,3968,3968,3968
1,1,1,1,1,1,1,1,1,1,1,3558,3558,3558,3558,3558,3558,3558,3558,3558,3558,3558,3558,3558,3558,3558,3451,3451,3451,3451,3451,3451,3451,3451,3451,3451,3451,3451,3451,3451,768,768,768,768,768,768,768,768,768,768,768,768,768,768,768,307,307,307,307,307,307,307,307,307,307,307,307,307,307,2801,2801,2801,2801,2801,2801,2801,2801,2801,2801,2801,2801,2801,2801,2801,3876,3876,3876,3876,3876,3876
1,1,1,1,1,1,1,1,1,3275,3275,3275,3275,3275,3275,3275,3275,3275,3275,3275,3275,3275,3275,3718,3718,3718,3718,3718,3718,3718,3718,3718,3718,3718,3718,3718,3718,3718,1110,1110,1110,1110,1110,1110,1110,1110,1110,1110,1110,1110,1110,1110,1110,93,93,93,93,93,93,93,93,93,93,93,93,93,93,2422,2422,2422,2422,2422,2422,2422,2422,2422,2422,2422,2422,2422,2422,2422,3975,3975,3975,3975,3975,3975,3975,3975
1,1,1,1,1,1,1,1,1,1,1,3559,3559,3559,3559,3559,3559,3559,3559,3559,3559,3559,3559,3559,3559,3559,3380,3380,3380,3380,3380,3380,3380,3380,3380,3380,3380,3380,3380,3380,768,768,768,768,768,768,768,768,768,768,768,768,768,768,768,323,323,323,323,323,323,323,323,323,323,323,323,323,323,323,2801,2801,2801,2801,2801,2801,2801,2801,2801,2801,2801,2801,2801,2801,3875,3875,3875,3875,3875,3875
1,3,3,3,3,3,3,3,3,3,3,3,3,3,3,3,3921,3921,3921,3921,3921,3921,3921,3921,3921,3921,3921,3921,3921,3921,2663,2663,2663,2663,2663,2663,2663,2663,2663,2663,2663,2663,2663,2663,2663,194,194,194,194,194,194,194,194,194,194,194,194,194,194,890,890,890,890,890,890,890,890,890,890,890,890,890,890,890,3571,3571,3571,3571,3571,3571,3571,3571,3571,3571,3571,3571,3571,3571,3460,3460
2,2,2,2,2,2,2,2,2,2,2,3540,3540,3540,3540,3540,3540,3540,3540,3540,3540,3540,3540,3540,3540,3484,3484,3484,3484,3484,3484,3484,3484,3484,3484,3484,3484,3484,3484,3484,775,775,775,775,775,775,775,775,775,775,775,775,775,775,775,233,233,233,233,233,233,233,233,233,233,233,233,233,233,2801,2801,2801,2801,2801,2801,2801,2801,2801,2801,2801,2801,2801,2801,2801,3887,3887,3887,3887,3887,3887
1,1,1,1,1,1,1,1,1,1,1,1,3580,3580,3580,3580,3580,3580,3580,3580,3580,3580,3580,3580,3580,3580,3344,3344,3344,3344,3344,3344,3344,3344,3344,3344,3344,3344,3344,3344,3344,652,652,652,652,652,652,652,652,652,652,652,652,652,652,329,329,329,329,329,329,329,329,329,329,329,329,329,329,329,2977,2977,2977,2977,2977,2977,2977,2977,2977,2977,2977,2977,2977,2977,2977,3874,3874,3874,3874,3874
2,2,1981,1981,1981,1981,1981,1981,1981,1981,1981,1981,1981,1981,1981,1981,1981,3986,3986,3986,3986,3986,3986,3986,3986,3986,3986,3986,3986,3986,3986,3986,2435,2435,2435,2435,2435,2435,2435,2435,2435,2435,2435,2435,2435,2435,90,90,90,90,90,90,90,90,90,90,90,90,90,90,90,1225,1225,1225,1225,1225,1225,1225,1225,1225,1225,1225,1225,1225,1225,3693,3693,3693,3693,3693,3693,3693,3693,3693,3693,3693,3693,3693,3693,3693
70,70,70,70,70,70,70,70,70,70,70,2931,2931,2931,2931,2931,2931,2931,2931,2931,2931,2931,2931,2931,2931,2931,3687,3687,3687,3687,3687,3687,3687,3687,3687,3687,3687,3687,3687,3687,1370,1370,1370,1370,1370,1370,1370,1370,1370,1370,1370,1370,1370,1370,1370,183,183,183,183,183,183,183,183,183,183,183,183,183,183,2198,2198,2198,2198,2198,2198,2198,2198,2198,2198,2198,2198,2198,2198,2198,3833,3833,3833,3833,3833,3833
272,272,272,272,272,272,272,272,272,272,272,2330,2330,2330,2330,2330,2330,2330,2330,2330,2330,2330,2330,2330,2330,2330,3523,3523,3523,3523,3523,3523,3523,3523,3523,3523,3523,3523,3523,3523,1839,1839,1839,1839,1839,1839,1839,1839,1839,1839,1839,1839,1839,1839,1839,377,377,377,377,377,377,377,377,377,377,377,377,377,377,1782,1782,1782,1782,1782,1782,1782,1782,1782,1782,1782,1782,1782,1782,1782,3480,3480,3480,3480,3480,3480
7,7,7,7,7,7,7,7,7,7,3057,3057,3057,3057,3057,3057,3057,3057,3057,3057,3057,3057,3057,3057,3057,3711,3711,3711,3711,3711,3711,3711,3711,3711,3711,3711,3711,3711,3711,3711,1264,1264,1264,1264,1264,1264,1264,1264,1264,1264,1264,1264,1264,1264,129,129,129,129,129,129,129,129,129,129,129,129,129,129,129,2282,2282,2282,2282,2282,2282,2282,2282,2282,2282,2282,2282,2282,2282,3927,3927,3927,3927,3927,3927,3927
9,9,9,9,9,9,9,9,9,9,9,9,9,9,9,3625,3625,3625,3625,3625,3625,3625,3625,3625,3625,3625,3625,3625,3625,3225,3225,3225,3225,3225,3225,3225,3225,3225,3225,3225,3225,3225,3225,3225,598,598,598,598,598,598,598,598,598,598,598,598,598,598,598,508,508,508,508,508,508,508,508,508,508,508,508,508,508,2982,2982,2982,2982,2982,2982,2982,2982,2982,2982,2982,2982,2982,2982,2982,3743,3743
41,41,41,41,41,41,41,41,41,41,41,2887,2887,2887,2887,2887,2887,2887,2887,2887,2887,2887,2887,2887,2887,2887,3686,3686,3686,3686,3686,3686,3686,3686,3686,3686,3686,3686,3686,3686,1437,1437,1437,1437,1437,1437,1437,1437,1437,1437,1437,1437,1437,1437,1437,176,176,176,176,176,176,176,176,176,176,176,176,176,176,176,2203,2203,2203,2203,2203,2203,2203,2203,2203,2203,2203,2203,2203,2203,3838,3838,3838,3838,3838,3838
262,262,262,262,262,262,262,262,262,2086,2086,2086,2086,2086,2086,2086,2086,2086,2086,2086,2086,2086,2086,3601,3601,3601,3601,3601,3601,3601,3601,3601,3601,3601,3601,3601,3601,3601,2041,2041,2041,2041,2041,2041,2041,2041,2041,2041,2041,2041,2041,2041,2041,173,173,173,173,173,173,173,173,173,173,173,173,173,173,1625,1625,1625,1625,1625,1625,1625,1625,1625,1625,1625,1625,1625,1625,1625,3609,3609,3609,3609,3609,3609,3609,3609
152,152,151,151,151,151,151,151,151,151,151,151,151,151,151,151,151,3779,3779,3779,3779,3779,3779,3779,3779,3779,3779,3779,3779,3779,3779,2908,2908,2908,2908,2908,2908,2908,2908,2908,2908,2908,2908,2908,2908,2908,398,398,398,398,398,398,398,398,398,398,398,398,398,398,800,800,800,800,800,800,800,800,800,800,800,800,800,800,800,3248,3248,3248,3248,3248,3248,3248,3248,3248,3248,3248,3248,3248,3248,3248
937,937,937,937,937,937,937,937,937,937,937,1191,1191,1191,1191,1191,1191,1191,1191,1191,1191,1191,1191,1191,1191,1191,1910,1910,1910,1910,1910,1910,1910,1910,1910,1910,1910,1910,1910,1910,2155,2155,2155,2155,2155,2155,2155,2155,2155,2155,2155,2155,2155,2155,2155,1423,1423,1423,1423,1423,1423,1423,1423,1423,1423,1423,1423,1423,1423,1719,1719,1719,1719,1719,1719,1719,1719,1719,1719,1719,1719,1719,1719,1719,2126,2126,2126,2126,2126,2126
215,215,215,215,215,215,1864,1864,1864,1864,1864,1864,1864,1864,1864,1864,1864,1864,1864,1864,1864,3774,3774,3774,3774,3774,3774,3774,3774,3774,3774,3774,3774,3774,3774,2407,2407,2407,2407,2407,2407,2407,2407,2407,2407,2407,2407,2407,2407,2407,316,316,316,316,316,316,316,316,316,316,316,316,316,316,1266,1266,1266,1266,1266,1266,1266,1266,1266,1266,1266,1266,1266,1266,1266,3517,3517,3517,3517,3517,3517,3517,3517,3517,3517,3517
2,2,2,2,2,2,2,2,2,2,2,2,2,3640,3640,3640,3640,3640,3640,3640,3640,3640,3640,3640,3640,3640,3640,3640,3287,3287,3287,3287,3287,3287,3287,3287,3287,3287,3287,3287,3287,3287,595,595,595,595,595,595,595,595,595,595,595,595,595,595,595,417,417,417,417,417,417,417,417,417,417,417,417,417,417,3016,3016,3016,3016,3016,3016,3016,3016,3016,3016,3016,3016,3016,3016,3016,3814,3814,3814,3814
5,5,5,5,5,5,5,5,5,5,3367,3367,3367,3367,3367,3367,3367,3367,3367,3367,3367,3367,3367,3367,3367,3588,3588,3588,3588,3588,3588,3588,3588,3588,3588,3588,3588,3588,3588,3588,979,979,979,979,979,979,979,979,979,979,979,979,979,979,188,188,188,188,188,188,188,188,188,188,188,188,188,188,188,2596,2596,2596,2596,2596,2596,2596,2596,2596,2596,2596,2596,2596,2596,3946,3946,3946,3946,3946,3946,3946
10,10,10,1493,1493,1493,1493,1493,1493,1493,1493,1493,1493,1493,1493,1493,1493,1493,3953,3953,3953,3953,3953,3953,3953,3953,3953,3953,3953,3953,3953,3953,2490,2490,2490,2490,2490,2490,2490,2490,2490,2490,2490,2490,2490,2490,2490,117,117,117,117,117,117,117,117,117,117,117,117,117,117,117,1102,1102,1102,1102,1102,1102,1102,1102,1102,1102,1102,1102,1102,1102,3640,3640,3640,3640,3640,3640,3640,3640,3640,3640,3640,3640,3640,3640
3,3,3,3,3,2402,2402,2402,2402,2402,2402,2402,2402,2402,2402,2402,2402,2402,2402,3978,3978,3978,3978,3978,3978,3978,3978,3978,3978,3978,3978,3978,3978,3978,2013,2013,2013,2013,2013,2013,2013,2013,2013,2013,2013,2013,2013,2013,2013,14,14,14,14,14,14,14,14,14,14,14,14,14,14,1532,1532,1532,1532,1532,1532,1532,1532,1532,1532,1532,1532,1532,1532,1532,3860,3860,3860,3860,3860,3860,3860,3860,3860,3860,3860,3860
2,2,2,2,2,2,2,2,2,2,2,2,3547,3547,3547,3547,3547,3547,3547,3547,3547,3547,3547,3547,3547,3547,3547,3410,3410,3410,3410,3410,3410,3410,3410,3410,3410,3410,3410,3410,3410,716,716,716,716,716,716,716,716,716,716,716,716,716,716,716,332,332,332,332,332,332,332,332,332,332,332,332,332,332,2851,2851,2851,2851,2851,2851,2851,2851,2851,2851,2851,2851,2851,2851,2851,3876,3876,3876,3876,3876
95,95,21,21,21,21,21,21,21,21,21,21,21,21,21,21,21,3787,3787,3787,3787,3787,3787,3787,3787,3787,3787,3787,3787,3787,3787,2915,2915,2915,2915,2915,2915,2915,2915,2915,2915,2915,2915,2915,2915,2915,327,327,327,327,327,327,327,327,327,327,327,327,327,327,802,802,802,802,802,802,802,802,802,802,802,802,802,802,802,3291,3291,3291,3291,3291,3291,3291,3291,3291,3291,3291,3291,3291,3291,3560
4,4,4,4,4,4,4,4,4,3052,3052,3052,3052,3052,3052,3052,3052,3052,3052,3052,3052,3052,3052,3781,3781,3781,3781,3781,3781,3781,3781,3781,3781,3781,3781,3781,3781,3781,1338,1338,1338,1338,1338,1338,1338,1338,1338,1338,1338,1338,1338,1338,63,63,63,63,63,63,63,63,63,63,63,63,63,63,63,2211,2211,2211,2211,2211,2211,2211,2211,2211,2211,2211,2211,2211,2211,3986,3986,3986,3986,3986,3986,3986,3986,3986
29,29,29,29,29,29,29,29,29,29,2714,2714,2714,2714,2714,2714,2714,2714,2714,2714,2714,2714,2714,2714,2714,3740,3740,3740,3740,3740,3740,3740,3740,3740,3740,3740,3740,3740,3740,1558,1558,1558,1558,1558,1558,1558,1558,1558,1558,1558,1558,1558,1558,1558,106,106,106,106,106,106,106,106,106,106,106,106,106,106,106,2007,2007,2007,2007,2007,2007,2007,2007,2007,2007,2007,2007,2007,2007,3775,3775,3775,3775,3775,3775,3775
50,50,50,50,50,50,2417,2417,2417,2417,2417,2417,2417,2417,2417,2417,2417,2417,2417,2417,2417,3938,3938,3938,3938,3938,3938,3938,3938,3938,3938,3938,3938,3938,3938,3938,1996,1996,1996,1996,1996,1996,1996,1996,1996,1996,1996,1996,1996,1996,21,21,21,21,21,21,21,21,21,21,21,21,21,21,21,1659,1659,1659,1659,1659,1659,1659,1659,1659,1659,1659,1659,1659,1659,3897,3897,3897,3897,3897,3897,3897,3897,3897,3897,3897
0,0,0,0,0,0,0,2468,2468,2468,2468,2468,2468,2468,2468,2468,2468,2468,2468,2468,2468,3921,3921,3921,3921,3921,3921,3921,3921,3921,3921,3921,3921,3921,3921,3921,1869,1869,1869,1869,1869,1869,1869,1869,1869,1869,1869,1869,1869,1869,1869,21,21,21,21,21,21,21,21,21,21,21,21,21,21,1658,1658,1658,1658,1658,1658,1658,1658,1658,1658,1658,1658,1658,1658,1658,3851,3851,3851,3851,3851,3851,3851,3851,3851,3851
1,1,1,1,1,1,1,1,1,1,1,3398,3398,3398,3398,3398,3398,3398,3398,3398,3398,3398,3398,3398,3398,3555,3555,3555,3555,3555,3555,3555,3555,3555,3555,3555,3555,3555,3555,3555,916,916,916,916,916,916,916,916,916,916,916,916,916,916,916,204,204,204,204,204,204,204,204,204,204,204,204,204,204,2658,2658,2658,2658,2658,2658,2658,2658,2658,2658,2658,2658,2658,2658,2658,3938,3938,3938,3938,3938,3938
5,5,5,5,5,5,5,5,5,5,5,3307,3307,3307,3307,3307,3307,3307,3307,3307,3307,3307,3307,3307,3307,3617,3617,3617,3617,3617,3617,3617,3617,3617,3617,3617,3617,3617,3617,3617,1023,1023,1023,1023,1023,1023,1023,1023,1023,1023,1023,1023,1023,1023,178,178,178,178,178,178,178,178,178,178,178,178,178,178,178,2539,2539,2539,2539,2539,2539,2539,2539,2539,2539,2539,2539,2539,2539,2539,3955,3955,3955,3955,3955,3955
21,3,3,3,3,3,3,3,3,3,3,3,3,3,3,3,3836,3836,3836,3836,3836,3836,3836,3836,3836,3836,3836,3836,3836,3836,3836,2895,2895,2895,2895,2895,2895,2895,2895,2895,2895,2895,2895,2895,2895,296,296,296,296,296,296,296,296,296,296,296,296,296,296,296,801,801,801,801,801,801,801,801,801,801,801,801,801,801,3363,3363,3363,3363,3363,3363,3363,3363,3363,3363,3363,3363,3363,3363,3363,3560
4,4,4,4,4,4,2399,2399,2399,2399,2399,2399,2399,2399,2399,2399,2399,2399,2399,2399,2399,3943,3943,3943,3943,3943,3943,3943,3943,3943,3943,3943,3943,3943,3943,3943,1942,1942,1942,1942,1942,1942,1942,1942,1942,1942,1942,1942,1942,1942,18,18,18,18,18,18,18,18,18,18,18,18,18,18,18,1587,1587,1587,1587,1587,1587,1587,1587,1587,1587,1587,1587,1587,1587,3856,3856,3856,3856,3856,3856,3856,3856,3856,3856,3856
2,2,2,2,2,2470,2470,2470,2470,2470,2470,2470,2470,2470,2470,2470,2470,2470,2470,2470,3976,3976,3976,3976,3976,3976,3976,3976,3976,3976,3976,3976,3976,3976,1958,1958,1958,1958,1958,1958,1958,1958,1958,1958,1958,1958,1958,1958,1958,9,9,9,9,9,9,9,9,9,9,9,9,9,9,1569,1569,1569,1569,1569,1569,1569,1569,1569,1569,1569,1569,1569,1569,1569,3886,3886,3886,3886,3886,3886,3886,3886,3886,3886,3886,3886
2,2,2,2,2,2,2,2,2,2,3300,3300,3300,3300,3300,3300,3300,3300,3300,3300,3300,3300,3300,3300,3642,3642,3642,3642,3642,3642,3642,3642,3642,3642,3642,3642,3642,3642,3642,1035,1035,1035,1035,1035,1035,1035,1035,1035,1035,1035,1035,1035,1035,1035,138,138,138,138,138,138,138,138,138,138,138,138,138,138,2530,2530,2530,2530,2530,2530,2530,2530,2530,2530,2530,2530,2530,2530,2530,3967,3967,3967,3967,3967,3967,3967
2,2,2,2,2,2,2,2,2,2,3364,3364,3364,3364,3364,3364,3364,3364,3364,3364,3364,3364,3364,3364,3364,3616,3616,3616,3616,3616,3616,3616,3616,3616,3616,3616,3616,3616,3616,968,968,968,968,968,968,968,968,968,968,968,968,968,968,968,156,156,156,156,156,156,156,156,156,156,156,156,156,156,2589,2589,2589,2589,2589,2589,2589,2589,2589,2589,2589,2589,2589,2589,2589,3956,3956,3956,3956,3956,3956,3956
2,2,2,2,2,2,2,2,2,2,2,3542,3542,3542,3542,3542,3542,3542,3542,3542,3542,3542,3542,3542,3542,3542,3407,3407,3407,3407,3407,3407,3407,3407,3407,3407,3407,3407,3407,3407,3407,776,776,776,776,776,776,776,776,776,776,776,776,776,776,312,312,312,312,312,312,312,312,312,312,312,312,312,312,312,2835,2835,2835,2835,2835,2835,2835,2835,2835,2835,2835,2835,2835,2835,3883,3883,3883,3883,3883,3883
4,4,4,4,4,4,2603,2603,2603,2603,2603,2603,2603,2603,2603,2603,2603,2603,2603,2603,3952,3952,3952,3952,3952,3952,3952,3952,3952,3952,3952,3952,3952,3952,3952,1811,1811,1811,1811,1811,1811,1811,1811,1811,1811,1811,1811,1811,1811,1811,3,3,3,3,3,3,3,3,3,3,3,3,3,3,1720,1720,1720,1720,1720,1720,1720,1720,1720,1720,1720,1720,1720,1720,1720,3921,3921,3921,3921,3921,3921,3921,3921,3921,3921,3921
3,3,3,3,3,3,3,2859,2859,2859,2859,2859,2859,2859,2859,2859,2859,2859,2859,2859,2859,2859,3884,3884,3884,3884,3884,3884,3884,3884,3884,3884,3884,3884,3884,3884,1550,1550,1550,1550,1550,1550,1550,1550,1550,1550,1550,1550,1550,1550,1550,2,2,2,2,2,2,2,2,2,2,2,2,2,2,2,1975,1975,1975,1975,1975,1975,1975,1975,1975,1975,1975,1975,1975,1975,3973,3973,3973,3973,3973,3973,3973,3973,3973,3973
2,2,2,2,2,2,2,2,2932,2932,2932,2932,2932,2932,2932,2932,2932,2932,2932,2932,2932,2932,3837,3837,3837,3837,3837,3837,3837,3837,3837,3837,3837,3837,3837,3837,3837,1469,1469,1469,1469,1469,1469,1469,1469,1469,1469,1469,1469,1469,1469,5,5,5,5,5,5,5,5,5,5,5,5,5,5,5,2104,2104,2104,2104,2104,2104,2104,2104,2104,2104,2104,2104,2104,2104,2104,3986,3986,3986,3986,3986,3986,3986,3986,3986
0,0,0,0,0,0,2524,2524,2524,2524,2524,2524,2524,2524,2524,2524,2524,2524,2524,2524,3959,3959,3959,3959,3959,3959,3959,3959,3959,3959,3959,3959,3959,3959,3959,1881,1881,1881,1881,1881,1881,1881,1881,1881,1881,1881,1881,1881,1881,7,7,7,7,7,7,7,7,7,7,7,7,7,7,7,1649,1649,1649,1649,1649,1649,1649,1649,1649,1649,1649,1649,1649,1649,1649,3897,3897,3897,3897,3897,3897,3897,3897,3897,3897,3897
2,2,2,2,2,2,2,2,2,2,2,2,3511,3511,3511,3511,3511,3511,3511,3511,3511,3511,3511,3511,3511,3511,3432,3432,3432,3432,3432,3432,3432,3432,3432,3432,3432,3432,3432,3432,3432,785,785,785,785,785,785,785,785,785,785,785,785,785,785,301,301,301,301,301,301,301,301,301,301,301,301,301,301,301,2835,2835,2835,2835,2835,2835,2835,2835,2835,2835,2835,2835,2835,2835,2835,3897,3897,3897,3897,3897
718,718,718,718,718,718,718,1158,1158,1158,1158,1158,1158,1158,1158,1158,1158,1158,1158,1158,1158,2735,2735,2735,2735,2735,2735,2735,2735,2735,2735,2735,2735,2735,2735,2735,2535,2535,2535,2535,2535,2535,2535,2535,2535,2535,2535,2535,2535,2535,2535,732,732,732,732,732,732,732,732,732,732,732,732,732,732,1171,1171,1171,1171,1171,1171,1171,1171,1171,1171,1171,1171,1171,1171,1171,3085,3085,3085,3085,3085,3085,3085,3085,3085,3085
