3,3,3,3,3,2568,2568,2568,2568,2568,2568,2568,2568,2568,2568,2568,2568,2568,2568,2568,2568,2568,3814,3814,3814,3814,3814,3814,3814,3814,3814,3814,3814,3814,3814,3814,3814,3814,3814,939,939,939,939,939,939,939,939,939,939,939,939,939,939,939,939,939,939,481,481,481,481,481,481,481,481,481,481,481,481,481,481,481,481,481,3570,3570,3570,3570,3570,3570,3570,3570,3570,3570,3570,3570,3570,3570,3570,3570
3,3,3,3,3,2587,2587,2587,2587,2587,2587,2587,2587,2587,2587,2587,2587,2587,2587,2587,2587,2587,2587,3811,3811,3811,3811,3811,3811,3811,3811,3811,3811,3811,3811,3811,3811,3811,3811,3811,790,790,790,790,790,790,790,790,790,790,790,790,790,790,790,790,790,589,589,589,589,589,589,589,589,589,589,589,589,589,589,589,589,589,3580,3580,3580,3580,3580,3580,3580,3580,3580,3580,3580,3580,3580,3580,3580,3580
2,2,2,2,2,2,2,2,2,2,2,2,2,2,2,3898,3898,3898,3898,3898,3898,3898,3898,3898,3898,3898,3898,3898,3898,3898,3898,3898,2280,2280,2280,2280,2280,2280,2280,2280,2280,2280,2280,2280,2280,2280,2280,2280,2280,6,6,6,6,6,6,6,6,6,6,6,6,6,6,6,6,6,6,2230,2230,2230,2230,2230,2230,2230,2230,2230,2230,2230,2230,2230,2230,2230,2230,2230,3885,3885,3885,3885,3885,3885
3,3,3,3,3,3,3,3,3,3201,3201,3201,3201,3201,3201,3201,3201,3201,3201,3201,3201,3201,3201,3201,3201,3201,3355,3355,3355,3355,3355,3355,3355,3355,3355,3355,3355,3355,3355,3355,3355,3355,3355,365,365,365,365,365,365,365,365,365,365,365,365,365,365,365,365,365,365,1070,1070,1070,1070,1070,1070,1070,1070,1070,1070,1070,1070,1070,1070,1070,1070,1070,3908,3908,3908,3908,3908,3908,3908,3908,3908,3908,3908,3908
2,2,2,2,2,2,2,2,2,2,2,3429,3429,3429,3429,3429,3429,3429,3429,3429,3429,3429,3429,3429,3429,3429,3429,3429,3105,3105,3105,3105,3105,3105,3105,3105,3105,3105,3105,3105,3105,3105,3105,3105,3105,172,172,172,172,172,172,172,172,172,172,172,172,172,172,172,172,172,1438,1438,1438,1438,1438,1438,1438,1438,1438,1438,1438,1438,1438,1438,1438,1438,1438,1438,3969,3969,3969,3969,3969,3969,3969,3969,3969,3969
3,3,3,3,3,3,3,3,3,3,3,3,3,3729,3729,3729,3729,3729,3729,3729,3729,3729,3729,3729,3729,3729,3729,3729,3729,3729,2667,2667,2667,2667,2667,2667,2667,2667,2667,2667,2667,2667,2667,2667,2667,2667,2667,45,45,45,45,45,45,45,45,45,45,45,45,45,45,45,45,45,45,1830,1830,1830,1830,1830,1830,1830,1830,1830,1830,1830,1830,1830,1830,1830,1830,1830,3978,3978,3978,3978,3978,3978,3978,3978
10,10,10,10,10,10,10,10,10,10,10,10,10,10,10,3858,3858,3858,3858,3858,3858,3858,3858,3858,3858,3858,3858,3858,3858,3858,3858,3858,2402,2402,2402,2402,2402,2402,2402,2402,2402,2402,2402,2402,2402,2402,2402,2402,2402,7,7,7,7,7,7,7,7,7,7,7,7,7,7,7,7,7,2229,2229,2229,2229,2229,2229,2229,2229,2229,2229,2229,2229,2229,2229,2229,2229,2229,2229,3934,3934,3934,3934,3934,3934
2,2,2,2,2,2,2,2949,2949,2949,2949,2949,2949,2949,2949,2949,2949,2949,2949,2949,2949,2949,2949,2949,3611,3611,3611,3611,3611,3611,3611,3611,3611,3611,3611,3611,3611,3611,3611,3611,3611,3611,624,624,624,624,624,624,624,624,624,624,624,624,624,624,624,624,624,872,872,872,872,872,872,872,872,872,872,872,872,872,872,872,872,872,3789,3789,3789,3789,3789,3789,3789,3789,3789,3789,3789,3789,3789,3789
5,2,2,2,2,2,2,2,2,2,2,2,2,2,2,2,2,2,2,3987,3987,3987,3987,3987,3987,3987,3987,3987,3987,3987,3987,3987,3987,3987,3987,3987,1567,1567,1567,1567,1567,1567,1567,1567,1567,1567,1567,1567,1567,1567,1567,1567,1567,147,147,147,147,147,147,147,147,147,147,147,147,147,147,147,147,147,2982,2982,2982,2982,2982,2982,2982,2982,2982,2982,2982,2982,2982,2982,2982,2982,2982,2982,3589,3589
2,2,2,2,2,2,2,2,2,3283,3283,3283,3283,3283,3283,3283,3283,3283,3283,3283,3283,3283,3283,3283,3283,3283,3283,3346,3346,3346,3346,3346,3346,3346,3346,3346,3346,3346,3346,3346,3346,3346,3346,3346,277,277,277,277,277,277,277,277,277,277,277,277,277,277,277,277,277,1250,1250,1250,1250,1250,1250,1250,1250,1250,1250,1250,1250,1250,1250,1250,1250,1250,3928,3928,3928,3928,3928,3928,3928,3928,3928,3928,3928,3928
2,2,2,2,2,2,2,2,2,2,2,2,2,2,3854,3854,3854,3854,3854,3854,3854,3854,3854,3854,3854,3854,3854,3854,3854,3854,3854,2475,2475,2475,2475,2475,2475,2475,2475,2475,2475,2475,2475,2475,2475,2475,2475,2475,2475,11,11,11,11,11,11,11,11,11,11,11,11,11,11,11,11,11,2208,2208,2208,2208,2208,2208,2208,2208,2208,2208,2208,2208,2208,2208,2208,2208,2208,3934,3934,3934,3934,3934,3934,3934
8,8,8,8,8,8,8,8,8,8,8,8,8,3748,3748,3748,3748,3748,3748,3748,3748,3748,3748,3748,3748,3748,3748,3748,3748,3748,2673,2673,2673,2673,2673,2673,2673,2673,2673,2673,2673,2673,2673,2673,2673,2673,2673,45,45,45,45,45,45,45,45,45,45,45,45,45,45,45,45,45,45,1831,1831,1831,1831,1831,1831,1831,1831,1831,1831,1831,1831,1831,1831,1831,1831,1831,3975,3975,3975,3975,3975,3975,3975,3975
4,4,4,4,4,4,2772,2772,2772,2772,2772,2772,2772,2772,2772,2772,2772,2772,2772,2772,2772,2772,2772,3719,3719,3719,3719,3719,3719,3719,3719,3719,3719,3719,3719,3719,3719,3719,3719,3719,3719,776,776,776,776,776,776,776,776,776,776,776,776,776,776,776,776,776,720,720,720,720,720,720,720,720,720,720,720,720,720,720,720,720,720,3692,3692,3692,3692,3692,3692,3692,3692,3692,3692,3692,3692,3692,3692,3692
2,2,2,2,2,2,2,2,2,2,2,3517,3517,3517,3517,3517,3517,3517,3517,3517,3517,3517,3517,3517,3517,3517,3517,3517,3030,3030,3030,3030,3030,3030,3030,3030,3030,3030,3030,3030,3030,3030,3030,3030,3030,169,169,169,169,169,169,169,169,169,169,169,169,169,169,169,169,169,169,1436,1436,1436,1436,1436,1436,1436,1436,1436,1436,1436,1436,1436,1436,1436,1436,1436,3983,3983,3983,3983,3983,3983,3983,3983,3983,3983
2,2,2,2,2,2,2,2,2,2,2,2,3560,3560,3560,3560,3560,3560,3560,3560,3560,3560,3560,3560,3560,3560,3560,3560,3560,2985,2985,2985,2985,2985,2985,2985,2985,2985,2985,2985,2985,2985,2985,2985,2985,2985,104,104,104,104,104,104,104,104,104,104,104,104,104,104,104,104,104,1633,1633,1633,1633,1633,1633,1633,1633,1633,1633,1633,1633,1633,1633,1633,1633,1633,1633,3989,3989,3989,3989,3989,3989,3989,3989,3989
2,2,2,2,2,2,2,2,2,2,2,3430,3430,3430,3430,3430,3430,3430,3430,3430,3430,3430,3430,3430,3430,3430,3430,3430,3077,3077,3077,3077,3077,3077,3077,3077,3077,3077,3077,3077,3077,3077,3077,3077,3077,172,172,172,172,172,172,172,172,172,172,172,172,172,172,172,172,172,1438,1438,1438,1438,1438,1438,1438,1438,1438,1438,1438,1438,1438,1438,1438,1438,1438,1438,3968,3968,3968,3968,3968,3968,3968,3968,3968,3968
3,2,2,2,2,2,2,2,2,2,2,2,2,2,2,2,2,2,3991,3991,3991,3991,3991,3991,3991,3991,3991,3991,3991,3991,3991,3991,3991,3991,3991,3991,1682,1682,1682,1682,1682,1682,1682,1682,1682,1682,1682,1682,1682,1682,1682,1682,1682,138,138,138,138,138,138,138,138,138,138,138,138,138,138,138,138,138,2981,2981,2981,2981,2981,2981,2981,2981,2981,2981,2981,2981,2981,2981,2981,2981,2981,3592,3592,3592
3,3,3,3,3,3,3,3,3,3121,3121,3121,3121,3121,3121,3121,3121,3121,3121,3121,3121,3121,3121,3121,3121,3121,3414,3414,3414,3414,3414,3414,3414,3414,3414,3414,3414,3414,3414,3414,3414,3414,3414,370,370,370,370,370,370,370,370,370,370,370,370,370,370,370,370,370,1072,1072,1072,1072,1072,1072,1072,1072,1072,1072,1072,1072,1072,1072,1072,1072,1072,1072,3868,3868,3868,3868,3868,3868,3868,3868,3868,3868,3868,3868
3,3,3,3,3,3,3,2955,2955,2955,2955,2955,2955,2955,2955,2955,2955,2955,2955,2955,2955,2955,2955,2955,3611,3611,3611,3611,3611,3611,3611,3611,3611,3611,3611,3611,3611,3611,3611,3611,3611,3611,623,623,623,623,623,623,623,623,623,623,623,623,623,623,623,623,623,882,882,882,882,882,882,882,882,882,882,882,882,882,882,882,882,882,3790,3790,3790,3790,3790,3790,3790,3790,3790,3790,3790,3790,3790,3790
4,4,4,4,4,4,2587,2587,2587,2587,2587,2587,2587,2587,2587,2587,2587,2587,2587,2587,2587,2587,2587,3763,3763,3763,3763,3763,3763,3763,3763,3763,3763,3763,3763,3763,3763,3763,3763,3763,781,781,781,781,781,781,781,781,781,781,781,781,781,781,781,781,781,588,588,588,588,588,588,588,588,588,588,588,588,588,588,588,588,588,588,3579,3579,3579,3579,3579,3579,3579,3579,3579,3579,3579,3579,3579,3579,3579
2,2,2,2,2,2,2,2,2,2,2,2,3655,3655,3655,3655,3655,3655,3655,3655,3655,3655,3655,3655,3655,3655,3655,3655,3655,2851,2851,2851,2851,2851,2851,2851,2851,2851,2851,2851,2851,2851,2851,2851,2851,2851,98,98,98,98,98,98,98,98,98,98,98,98,98,98,98,98,98,98,1633,1633,1633,1633,1633,1633,1633,1633,1633,1633,1633,1633,1633,1633,1633,1633,1633,3992,3992,3992,3992,3992,3992,3992,3992,3992
3,3,3,3,3,3,3,3,3,3,3424,3424,3424,3424,3424,3424,3424,3424,3424,3424,3424,3424,3424,3424,3424,3424,3424,3192,3192,3192,3192,3192,3192,3192,3192,3192,3192,3192,3192,3192,3192,3192,3192,3192,3192,258,258,258,258,258,258,258,258,258,258,258,258,258,258,258,258,258,1399,1399,1399,1399,1399,1399,1399,1399,1399,1399,1399,1399,1399,1399,1399,1399,1399,3967,3967,3967,3967,3967,3967,3967,3967,3967,3967,3967
2,2,2,2,2,2,2,2,2,2,3427,3427,3427,3427,3427,3427,3427,3427,3427,3427,3427,3427,3427,3427,3427,3427,3427,3427,3192,3192,3192,3192,3192,3192,3192,3192,3192,3192,3192,3192,3192,3192,3192,3192,3192,191,191,191,191,191,191,191,191,191,191,191,191,191,191,191,191,191,1434,1434,1434,1434,1434,1434,1434,1434,1434,1434,1434,1434,1434,1434,1434,1434,1434,3971,3971,3971,3971,3971,3971,3971,3971,3971,3971,3971
2,2,2,2,2,2,2,2956,2956,2956,2956,2956,2956,2956,2956,2956,2956,2956,2956,2956,2956,2956,2956,2956,2956,3587,3587,3587,3587,3587,3587,3587,3587,3587,3587,3587,3587,3587,3587,3587,3587,3587,499,499,499,499,499,499,499,499,499,499,499,499,499,499,499,499,499,897,897,897,897,897,897,897,897,897,897,897,897,897,897,897,897,897,897,3789,3789,3789,3789,3789,3789,3789,3789,3789,3789,3789,3789,3789
3,3,3,3,3,3,3,3,2987,2987,2987,2987,2987,2987,2987,2987,2987,2987,2987,2987,2987,2987,2987,2987,2987,3498,3498,3498,3498,3498,3498,3498,3498,3498,3498,3498,3498,3498,3498,3498,3498,3498,488,488,488,488,488,488,488,488,488,488,488,488,488,488,488,488,488,488,898,898,898,898,898,898,898,898,898,898,898,898,898,898,898,898,898,3823,3823,3823,3823,3823,3823,3823,3823,3823,3823,3823,3823,3823
3,3,3,3,3,3,3,3,3,3125,3125,3125,3125,3125,3125,3125,3125,3125,3125,3125,3125,3125,3125,3125,3125,3125,3452,3452,3452,3452,3452,3452,3452,3452,3452,3452,3452,3452,3452,3452,3452,3452,3452,374,374,374,374,374,374,374,374,374,374,374,374,374,374,374,374,374,1070,1070,1070,1070,1070,1070,1070,1070,1070,1070,1070,1070,1070,1070,1070,1070,1070,1070,3869,3869,3869,3869,3869,3869,3869,3869,3869,3869,3869,3869
4,2,2,2,2,2,2,2,2,2,2,2,2,2,2,2,2,2,3992,3992,3992,3992,3992,3992,3992,3992,3992,3992,3992,3992,3992,3992,3992,3992,3992,3992,1680,1680,1680,1680,1680,1680,1680,1680,1680,1680,1680,1680,1680,1680,1680,1680,1680,111,111,111,111,111,111,111,111,111,111,111,111,111,111,111,111,111,2977,2977,2977,2977,2977,2977,2977,2977,2977,2977,2977,2977,2977,2977,2977,2977,2977,3590,3590,3590
0,0,0,0,0,0,0,0,0,3279,3279,3279,3279,3279,3279,3279,3279,3279,3279,3279,3279,3279,3279,3279,3279,3279,3346,3346,3346,3346,3346,3346,3346,3346,3346,3346,3346,3346,3346,3346,3346,3346,3346,3346,364,364,364,364,364,364,364,364,364,364,364,364,364,364,364,364,364,1187,1187,1187,1187,1187,1187,1187,1187,1187,1187,1187,1187,1187,1187,1187,1187,1187,3928,3928,3928,3928,3928,3928,3928,3928,3928,3928,3928,3928
3,3,3,3,3,3,3,3,3,3,3,3,3642,3642,3642,3642,3642,3642,3642,3642,3642,3642,3642,3642,3642,3642,3642,3642,3642,2852,2852,2852,2852,2852,2852,2852,2852,2852,2852,2852,2852,2852,2852,2852,2852,2852,105,105,105,105,105,105,105,105,105,105,105,105,105,105,105,105,105,105,1631,1631,1631,1631,1631,1631,1631,1631,1631,1631,1631,1631,1631,1631,1631,1631,1631,3991,3991,3991,3991,3991,3991,3991,3991,3991
3,3,3,3,2388,2388,2388,2388,2388,2388,2388,2388,2388,2388,2388,2388,2388,2388,2388,2388,2388,3887,3887,3887,3887,3887,3887,3887,3887,3887,3887,3887,3887,3887,3887,3887,3887,3887,3887,1113,1113,1113,1113,1113,1113,1113,1113,1113,1113,1113,1113,1113,1113,1113,1113,1113,391,391,391,391,391,391,391,391,391,391,391,391,391,391,391,391,391,3447,3447,3447,3447,3447,3447,3447,3447,3447,3447,3447,3447,3447,3447,3447,3447,3447
1,1,1,1,1,1,1,1,1,1,3428,3428,3428,3428,3428,3428,3428,3428,3428,3428,3428,3428,3428,3428,3428,3428,3428,3428,3185,3185,3185,3185,3185,3185,3185,3185,3185,3185,3185,3185,3185,3185,3185,3185,3185,184,184,184,184,184,184,184,184,184,184,184,184,184,184,184,184,184,1435,1435,1435,1435,1435,1435,1435,1435,1435,1435,1435,1435,1435,1435,1435,1435,1435,3969,3969,3969,3969,3969,3969,3969,3969,3969,3969,3969
3,3,1665,1665,1665,1665,1665,1665,1665,1665,1665,1665,1665,1665,1665,1665,1665,1665,1665,3976,3976,3976,3976,3976,3976,3976,3976,3976,3976,3976,3976,3976,3976,3976,3976,3976,3976,1482,1482,1482,1482,1482,1482,1482,1482,1482,1482,1482,1482,1482,1482,1482,1482,1482,222,222,222,222,222,222,222,222,222,222,222,222,222,222,222,222,222,3149,3149,3149,3149,3149,3149,3149,3149,3149,3149,3149,3149,3149,3149,3149,3149,3149,3463,3463
12,12,12,12,12,12,12,2792,2792,2792,2792,2792,2792,2792,2792,2792,2792,2792,2792,2792,2792,2792,2792,2792,3621,3621,3621,3621,3621,3621,3621,3621,3621,3621,3621,3621,3621,3621,3621,3621,3621,626,626,626,626,626,626,626,626,626,626,626,626,626,626,626,626,626,737,737,737,737,737,737,737,737,737,737,737,737,737,737,737,737,737,737,3713,3713,3713,3713,3713,3713,3713,3713,3713,3713,3713,3713,3713,3713
3,3,3,2195,2195,2195,2195,2195,2195,2195,2195,2195,2195,2195,2195,2195,2195,2195,2195,2195,2195,3940,3940,3940,3940,3940,3940,3940,3940,3940,3940,3940,3940,3940,3940,3940,3940,3940,1144,1144,1144,1144,1144,1144,1144,1144,1144,1144,1144,1144,1144,1144,1144,1144,1144,334,334,334,334,334,334,334,334,334,334,334,334,334,334,334,334,334,3308,3308,3308,3308,3308,3308,3308,3308,3308,3308,3308,3308,3308,3308,3308,3308,3308,3308
3,3,3,3,3,3,3,3,3,3,3,3,3,3,3,3861,3861,3861,3861,3861,3861,3861,3861,3861,3861,3861,3861,3861,3861,3861,3861,3861,2288,2288,2288,2288,2288,2288,2288,2288,2288,2288,2288,2288,2288,2288,2288,2288,2288,7,7,7,7,7,7,7,7,7,7,7,7,7,7,7,7,7,7,2229,2229,2229,2229,2229,2229,2229,2229,2229,2229,2229,2229,2229,2229,2229,2229,2229,3913,3913,3913,3913,3913,3913
2,2,2,2,2,2,2,2,2,2,2,2,2,2,2,2,2,3985,3985,3985,3985,3985,3985,3985,3985,3985,3985,3985,3985,3985,3985,3985,3985,3985,1878,1878,1878,1878,1878,1878,1878,1878,1878,1878,1878,1878,1878,1878,1878,1878,1878,1878,58,58,58,58,58,58,58,58,58,58,58,58,58,58,58,58,58,2674,2674,2674,2674,2674,2674,2674,2674,2674,2674,2674,2674,2674,2674,2674,2674,2674,3711,3711,3711,3711
3,3,3,3,3,3,2763,2763,2763,2763,2763,2763,2763,2763,2763,2763,2763,2763,2763,2763,2763,2763,2763,3721,3721,3721,3721,3721,3721,3721,3721,3721,3721,3721,3721,3721,3721,3721,3721,3721,3721,775,775,775,775,775,775,775,775,775,775,775,775,775,775,775,775,775,675,675,675,675,675,675,675,675,675,675,675,675,675,675,675,675,675,3689,3689,3689,3689,3689,3689,3689,3689,3689,3689,3689,3689,3689,3689,3689
1,1,1,1,1,1,1,1,1,3283,3283,3283,3283,3283,3283,3283,3283,3283,3283,3283,3283,3283,3283,3283,3283,3283,3283,3341,3341,3341,3341,3341,3341,3341,3341,3341,3341,3341,3341,3341,3341,3341,3341,3341,272,272,272,272,272,272,272,272,272,272,272,272,272,272,272,272,272,1251,1251,1251,1251,1251,1251,1251,1251,1251,1251,1251,1251,1251,1251,1251,1251,1251,1251,3928,3928,3928,3928,3928,3928,3928,3928,3928,3928,3928
2,2,2,2,2,2,2,2954,2954,2954,2954,2954,2954,2954,2954,2954,2954,2954,2954,2954,2954,2954,2954,2954,2954,3611,3611,3611,3611,3611,3611,3611,3611,3611,3611,3611,3611,3611,3611,3611,3611,3611,550,550,550,550,550,550,550,550,550,550,550,550,550,550,550,550,550,894,894,894,894,894,894,894,894,894,894,894,894,894,894,894,894,894,3790,3790,3790,3790,3790,3790,3790,3790,3790,3790,3790,3790,3790,3790
3,3,3,3,3,3,3,3,3,3,3,3557,3557,3557,3557,3557,3557,3557,3557,3557,3557,3557,3557,3557,3557,3557,3557,3557,3025,3025,3025,3025,3025,3025,3025,3025,3025,3025,3025,3025,3025,3025,3025,3025,3025,3025,169,169,169,169,169,169,169,169,169,169,169,169,169,169,169,169,169,1605,1605,1605,1605,1605,1605,1605,1605,1605,1605,1605,1605,1605,1605,1605,1605,1605,3989,3989,3989,3989,3989,3989,3989,3989,3989,3989
2,2,2,2,2,2,2,2,2,3283,3283,3283,3283,3283,3283,3283,3283,3283,3283,3283,3283,3283,3283,3283,3283,3283,3346,3346,3346,3346,3346,3346,3346,3346,3346,3346,3346,3346,3346,3346,3346,3346,3346,3346,365,365,365,365,365,365,365,365,365,365,365,365,365,365,365,365,365,1237,1237,1237,1237,1237,1237,1237,1237,1237,1237,1237,1237,1237,1237,1237,1237,1237,3928,3928,3928,3928,3928,3928,3928,3928,3928,3928,3928,3928
2,2,2,2,2,2,2,2,2,2,2,2,2,2,2,2,3920,3920,3920,3920,3920,3920,3920,3920,3920,3920,3920,3920,3920,3920,3920,3920,3920,2145,2145,2145,2145,2145,2145,2145,2145,2145,2145,2145,2145,2145,2145,2145,2145,2145,4,4,4,4,4,4,4,4,4,4,4,4,4,4,4,4,4,2426,2426,2426,2426,2426,2426,2426,2426,2426,2426,2426,2426,2426,2426,2426,2426,2426,2426,3874,3874,3874,3874,3874
4,2,2,2,2,2,2,2,2,2,2,2,2,2,2,2,2,2,3991,3991,3991,3991,3991,3991,3991,3991,3991,3991,3991,3991,3991,3991,3991,3991,3991,3991,1681,1681,1681,1681,1681,1681,1681,1681,1681,1681,1681,1681,1681,1681,1681,1681,1681,120,120,120,120,120,120,120,120,120,120,120,120,120,120,120,120,120,2979,2979,2979,2979,2979,2979,2979,2979,2979,2979,2979,2979,2979,2979,2979,2979,2979,3591,3591,3591
3,3,3,3,3,3,3,3,3113,3113,3113,3113,3113,3113,3113,3113,3113,3113,3113,3113,3113,3113,3113,3113,3113,3487,3487,3487,3487,3487,3487,3487,3487,3487,3487,3487,3487,3487,3487,3487,3487,3487,3487,486,486,486,486,486,486,486,486,486,486,486,486,486,486,486,486,486,988,988,988,988,988,988,988,988,988,988,988,988,988,988,988,988,988,3865,3865,3865,3865,3865,3865,3865,3865,3865,3865,3865,3865,3865
2,2,2,2,2,2,2,2,2,2,2,2,2,2,2,2,3963,3963,3963,3963,3963,3963,3963,3963,3963,3963,3963,3963,3963,3963,3963,3963,3963,3963,2079,2079,2079,2079,2079,2079,2079,2079,2079,2079,2079,2079,2079,2079,2079,2079,2079,6,6,6,6,6,6,6,6,6,6,6,6,6,6,6,6,6,2614,2614,2614,2614,2614,2614,2614,2614,2614,2614,2614,2614,2614,2614,2614,2614,2614,3799,3799,3799,3799,3799
2,2,2,2,2,2,2,2,2,2,2,3551,3551,3551,3551,3551,3551,3551,3551,3551,3551,3551,3551,3551,3551,3551,3551,3551,3027,3027,3027,3027,3027,3027,3027,3027,3027,3027,3027,3027,3027,3027,3027,3027,3027,3027,169,169,169,169,169,169,169,169,169,169,169,169,169,169,169,169,169,1585,1585,1585,1585,1585,1585,1585,1585,1585,1585,1585,1585,1585,1585,1585,1585,1585,3988,3988,3988,3988,3988,3988,3988,3988,3988,3988
3,3,3,3,2234,2234,2234,2234,2234,2234,2234,2234,2234,2234,2234,2234,2234,2234,2234,2234,2234,3892,3892,3892,3892,3892,3892,3892,3892,3892,3892,3892,3892,3892,3892,3892,3892,3892,1114,1114,1114,1114,1114,1114,1114,1114,1114,1114,1114,1114,1114,1114,1114,1114,1114,1114,336,336,336,336,336,336,336,336,336,336,336,336,336,336,336,336,336,3358,3358,3358,3358,3358,3358,3358,3358,3358,3358,3358,3358,3358,3358,3358,3358,3358
2,2,2,2,2,2,2,2,2,2,2,2,2,2,2,2,3923,3923,3923,3923,3923,3923,3923,3923,3923,3923,3923,3923,3923,3923,3923,3923,3923,2091,2091,2091,2091,2091,2091,2091,2091,2091,2091,2091,2091,2091,2091,2091,2091,2091,4,4,4,4,4,4,4,4,4,4,4,4,4,4,4,4,4,4,2428,2428,2428,2428,2428,2428,2428,2428,2428,2428,2428,2428,2428,2428,2428,2428,2428,3851,3851,3851,3851,3851
2,2,2,2,2,2,2,2,2,2,2,2,2,2,3775,3775,3775,3775,3775,3775,3775,3775,3775,3775,3775,3775,3775,3775,3775,3775,3775,2489,2489,2489,2489,2489,2489,2489,2489,2489,2489,2489,2489,2489,2489,2489,2489,2489,15,15,15,15,15,15,15,15,15,15,15,15,15,15,15,15,15,2030,2030,2030,2030,2030,2030,2030,2030,2030,2030,2030,2030,2030,2030,2030,2030,2030,2030,3965,3965,3965,3965,3965,3965,3965
2,2,2,2,2,2,2,2,2,2,2,2,2,2,2,2,2,3985,3985,3985,3985,3985,3985,3985,3985,3985,3985,3985,3985,3985,3985,3985,3985,3985,1879,1879,1879,1879,1879,1879,1879,1879,1879,1879,1879,1879,1879,1879,1879,1879,1879,1879,57,57,57,57,57,57,57,57,57,57,57,57,57,57,57,57,57,2710,2710,2710,2710,2710,2710,2710,2710,2710,2710,2710,2710,2710,2710,2710,2710,2710,3709,3709,3709,3709
2,2,2,2,2,2,2,2,2,2,2,2,2,2,2,2,3919,3919,3919,3919,3919,3919,3919,3919,3919,3919,3919,3919,3919,3919,3919,3919,3919,2143,2143,2143,2143,2143,2143,2143,2143,2143,2143,2143,2143,2143,2143,2143,2143,2143,4,4,4,4,4,4,4,4,4,4,4,4,4,4,4,4,4,2427,2427,2427,2427,2427,2427,2427,2427,2427,2427,2427,2427,2427,2427,2427,2427,2427,2427,3873,3873,3873,3873,3873
2,2,2,2,2,2,2,2,2,2,2,2,2,2,2,2,2,3963,3963,3963,3963,3963,3963,3963,3963,3963,3963,3963,3963,3963,3963,3963,3963,3963,1982,1982,1982,1982,1982,1982,1982,1982,1982,1982,1982,1982,1982,1982,1982,1982,1982,11,11,11,11,11,11,11,11,11,11,11,11,11,11,11,11,11,2619,2619,2619,2619,2619,2619,2619,2619,2619,2619,2619,2619,2619,2619,2619,2619,2619,2619,3797,3797,3797,3797
2,2,2,2,2,2,2,2,2,2,2,2,2,2,3776,3776,3776,3776,3776,3776,3776,3776,3776,3776,3776,3776,3776,3776,3776,3776,3776,2627,2627,2627,2627,2627,2627,2627,2627,2627,2627,2627,2627,2627,2627,2627,2627,2627,21,21,21,21,21,21,21,21,21,21,21,21,21,21,21,21,21,2031,2031,2031,2031,2031,2031,2031,2031,2031,2031,2031,2031,2031,2031,2031,2031,2031,2031,3968,3968,3968,3968,3968,3968,3968
2,2,2,1992,1992,1992,1992,1992,1992,1992,1992,1992,1992,1992,1992,1992,1992,1992,1992,1992,3958,3958,3958,3958,3958,3958,3958,3958,3958,3958,3958,3958,3958,3958,3958,3958,3958,1299,1299,1299,1299,1299,1299,1299,1299,1299,1299,1299,1299,1299,1299,1299,1299,1299,234,234,234,234,234,234,234,234,234,234,234,234,234,234,234,234,234,234,3152,3152,3152,3152,3152,3152,3152,3152,3152,3152,3152,3152,3152,3152,3152,3152,3152,3379
3,3,3,3,3,3,3,3,3,3,3,3,3,3,3,3,3,3,3991,3991,3991,3991,3991,3991,3991,3991,3991,3991,3991,3991,3991,3991,3991,3991,3991,3991,1681,1681,1681,1681,1681,1681,1681,1681,1681,1681,1681,1681,1681,1681,1681,1681,1681,132,132,132,132,132,132,132,132,132,132,132,132,132,132,132,132,132,2980,2980,2980,2980,2980,2980,2980,2980,2980,2980,2980,2980,2980,2980,2980,2980,2980,3590,3590,3590
6,6,6,6,6,6,6,6,6,6,6,6,6,6,6,6,3965,3965,3965,3965,3965,3965,3965,3965,3965,3965,3965,3965,3965,3965,3965,3965,3965,2078,2078,2078,2078,2078,2078,2078,2078,2078,2078,2078,2078,2078,2078,2078,2078,2078,2078,5,5,5,5,5,5,5,5,5,5,5,5,5,5,5,5,5,2476,2476,2476,2476,2476,2476,2476,2476,2476,2476,2476,2476,2476,2476,2476,2476,2476,3805,3805,3805,3805,3805
3,3,3,3,3,3,3,3,3,3,3,3,3,3679,3679,3679,3679,3679,3679,3679,3679,3679,3679,3679,3679,3679,3679,3679,3679,3679,2680,2680,2680,2680,2680,2680,2680,2680,2680,2680,2680,2680,2680,2680,2680,2680,2680,46,46,46,46,46,46,46,46,46,46,46,46,46,46,46,46,46,46,1829,1829,1829,1829,1829,1829,1829,1829,1829,1829,1829,1829,1829,1829,1829,1829,1829,3985,3985,3985,3985,3985,3985,3985,3985
3,3,3,3,3,3,3,3,3,3,3,3,3,3,3856,3856,3856,3856,3856,3856,3856,3856,3856,3856,3856,3856,3856,3856,3856,3856,3856,3856,2474,2474,2474,2474,2474,2474,2474,2474,2474,2474,2474,2474,2474,2474,2474,2474,2474,10,10,10,10,10,10,10,10,10,10,10,10,10,10,10,10,10,2223,2223,2223,2223,2223,2223,2223,2223,2223,2223,2223,2223,2223,2223,2223,2223,2223,3934,3934,3934,3934,3934,3934,3934
3,3,3,3,3,3,3,3,3,3,3,3,3,3676,3676,3676,3676,3676,3676,3676,3676,3676,3676,3676,3676,3676,3676,3676,3676,3676,2743,2743,2743,2743,2743,2743,2743,2743,2743,2743,2743,2743,2743,2743,2743,2743,2743,48,48,48,48,48,48,48,48,48,48,48,48,48,48,48,48,48,1832,1832,1832,1832,1832,1832,1832,1832,1832,1832,1832,1832,1832,1832,1832,1832,1832,1832,3991,3991,3991,3991,3991,3991,3991,3991
3,2,2,2,2,2,2,2,2,2,2,2,2,2,2,2,2,2,3990,3990,3990,3990,3990,3990,3990,3990,3990,3990,3990,3990,3990,3990,3990,3990,3990,3990,1682,1682,1682,1682,1682,1682,1682,1682,1682,1682,1682,1682,1682,1682,1682,1682,1682,134,134,134,134,134,134,134,134,134,134,134,134,134,134,134,134,134,2981,2981,2981,2981,2981,2981,2981,2981,2981,2981,2981,2981,2981,2981,2981,2981,2981,3588,3588,3588
3,3,3,3,2391,2391,2391,2391,2391,2391,2391,2391,2391,2391,2391,2391,2391,2391,2391,2391,2391,2391,3886,3886,3886,3886,3886,3886,3886,3886,3886,3886,3886,3886,3886,3886,3886,3886,3886,999,999,999,999,999,999,999,999,999,999,999,999,999,999,999,999,999,451,451,451,451,451,451,451,451,451,451,451,451,451,451,451,451,451,3452,3452,3452,3452,3452,3452,3452,3452,3452,3452,3452,3452,3452,3452,3452,3452,3452
2,2,2,2,2,2,2,2,2,2,2,2,3561,3561,3561,3561,3561,3561,3561,3561,3561,3561,3561,3561,3561,3561,3561,3561,3561,2968,2968,2968,2968,2968,2968,2968,2968,2968,2968,2968,2968,2968,2968,2968,2968,2968,104,104,104,104,104,104,104,104,104,104,104,104,104,104,104,104,104,1632,1632,1632,1632,1632,1632,1632,1632,1632,1632,1632,1632,1632,1632,1632,1632,1632,1632,3986,3986,3986,3986,3986,3986,3986,3986,3986
3,3,3,3,2380,2380,2380,2380,2380,2380,2380,2380,2380,2380,2380,2380,2380,2380,2380,2380,2380,3885,3885,3885,3885,3885,3885,3885,3885,3885,3885,3885,3885,3885,3885,3885,3885,3885,1108,1108,1108,1108,1108,1108,1108,1108,1108,1108,1108,1108,1108,1108,1108,1108,1108,1108,349,349,349,349,349,349,349,349,349,349,349,349,349,349,349,349,349,3444,3444,3444,3444,3444,3444,3444,3444,3444,3444,3444,3444,3444,3444,3444,3444,3444
3,3,3,2190,2190,2190,2190,2190,2190,2190,2190,2190,2190,2190,2190,2190,2190,2190,2190,2190,3943,3943,3943,3943,3943,3943,3943,3943,3943,3943,3943,3943,3943,3943,3943,3943,3943,3943,1296,1296,1296,1296,1296,1296,1296,1296,1296,1296,1296,1296,1296,1296,1296,1296,1296,313,313,313,313,313,313,313,313,313,313,313,313,313,313,313,313,313,3308,3308,3308,3308,3308,3308,3308,3308,3308,3308,3308,3308,3308,3308,3308,3308,3308,3319
3,3,3,3,3,3,3,3,3,3,3,3,3561,3561,3561,3561,3561,3561,3561,3561,3561,3561,3561,3561,3561,3561,3561,3561,3561,2925,2925,2925,2925,2925,2925,2925,2925,2925,2925,2925,2925,2925,2925,2925,2925,2925,101,101,101,101,101,101,101,101,101,101,101,101,101,101,101,101,101,1632,1632,1632,1632,1632,1632,1632,1632,1632,1632,1632,1632,1632,1632,1632,1632,1632,1632,3990,3990,3990,3990,3990,3990,3990,3990,3990
3,3,3,3,3,3,3,3,3,3,3314,3314,3314,3314,3314,3314,3314,3314,3314,3314,3314,3314,3314,3314,3314,3314,3314,3198,3198,3198,3198,3198,3198,3198,3198,3198,3198,3198,3198,3198,3198,3198,3198,3198,260,260,260,260,260,260,260,260,260,260,260,260,260,260,260,260,260,260,1233,1233,1233,1233,1233,1233,1233,1233,1233,1233,1233,1233,1233,1233,1233,1233,1233,3949,3949,3949,3949,3949,3949,3949,3949,3949,3949,3949
5,5,1973,1973,1973,1973,1973,1973,1973,1973,1973,1973,1973,1973,1973,1973,1973,1973,1973,1973,3977,3977,3977,3977,3977,3977,3977,3977,3977,3977,3977,3977,3977,3977,3977,3977,3977,1305,1305,1305,1305,1305,1305,1305,1305,1305,1305,1305,1305,1305,1305,1305,1305,1305,234,234,234,234,234,234,234,234,234,234,234,234,234,234,234,234,234,234,3152,3152,3152,3152,3152,3152,3152,3152,3152,3152,3152,3152,3152,3152,3152,3152,3152,3431
2,2,10,10,10,10,10,10,10,10,10,10,10,10,10,10,10,10,10,3977,3977,3977,3977,3977,3977,3977,3977,3977,3977,3977,3977,3977,3977,3977,3977,3977,1481,1481,1481,1481,1481,1481,1481,1481,1481,1481,1481,1481,1481,1481,1481,1481,1481,1481,150,150,150,150,150,150,150,150,150,150,150,150,150,150,150,150,150,3125,3125,3125,3125,3125,3125,3125,3125,3125,3125,3125,3125,3125,3125,3125,3125,3125,3466,3466
3,3,3,3,3,3,3,3,3,3,3,3,3,3,3854,3854,3854,3854,3854,3854,3854,3854,3854,3854,3854,3854,3854,3854,3854,3854,3854,2475,2475,2475,2475,2475,2475,2475,2475,2475,2475,2475,2475,2475,2475,2475,2475,2475,2475,4,4,4,4,4,4,4,4,4,4,4,4,4,4,4,4,4,2221,2221,2221,2221,2221,2221,2221,2221,2221,2221,2221,2221,2221,2221,2221,2221,2221,3940,3940,3940,3940,3940,3940,3940
3,3,3,3,3,3,3,3,3,3,3,3,3669,3669,3669,3669,3669,3669,3669,3669,3669,3669,3669,3669,3669,3669,3669,3669,3669,2850,2850,2850,2850,2850,2850,2850,2850,2850,2850,2850,2850,2850,2850,2850,2850,2850,2850,98,98,98,98,98,98,98,98,98,98,98,98,98,98,98,98,98,1783,1783,1783,1783,1783,1783,1783,1783,1783,1783,1783,1783,1783,1783,1783,1783,1783,3991,3991,3991,3991,3991,3991,3991,3991,3991
2,2,2,2,2,2,2,2,2,2,2,2,2,2,2,3856,3856,3856,3856,3856,3856,3856,3856,3856,3856,3856,3856,3856,3856,3856,3856,3856,2319,2319,2319,2319,2319,2319,2319,2319,2319,2319,2319,2319,2319,2319,2319,2319,2319,7,7,7,7,7,7,7,7,7,7,7,7,7,7,7,7,7,2229,2229,2229,2229,2229,2229,2229,2229,2229,2229,2229,2229,2229,2229,2229,2229,2229,2229,3933,3933,3933,3933,3933,3933
2,2,2,2,2,2,2,2,2,2,2,2,2,2,2,2,2,2,3987,3987,3987,3987,3987,3987,3987,3987,3987,3987,3987,3987,3987,3987,3987,3987,3987,1755,1755,1755,1755,1755,1755,1755,1755,1755,1755,1755,1755,1755,1755,1755,1755,1755,85,85,85,85,85,85,85,85,85,85,85,85,85,85,85,85,85,2806,2806,2806,2806,2806,2806,2806,2806,2806,2806,2806,2806,2806,2806,2806,2806,2806,2806,3702,3702,3702
3,3,3,3,3,3,2755,2755,2755,2755,2755,2755,2755,2755,2755,2755,2755,2755,2755,2755,2755,2755,2755,3723,3723,3723,3723,3723,3723,3723,3723,3723,3723,3723,3723,3723,3723,3723,3723,3723,775,775,775,775,775,775,775,775,775,775,775,775,775,775,775,775,775,775,597,597,597,597,597,597,597,597,597,597,597,597,597,597,597,597,597,3679,3679,3679,3679,3679,3679,3679,3679,3679,3679,3679,3679,3679,3679,3679
2,2,2,2,2,2,2,2,2,2,2,2,3673,3673,3673,3673,3673,3673,3673,3673,3673,3673,3673,3673,3673,3673,3673,3673,3673,2851,2851,2851,2851,2851,2851,2851,2851,2851,2851,2851,2851,2851,2851,2851,2851,2851,2851,98,98,98,98,98,98,98,98,98,98,98,98,98,98,98,98,98,1799,1799,1799,1799,1799,1799,1799,1799,1799,1799,1799,1799,1799,1799,1799,1799,1799,3991,3991,3991,3991,3991,3991,3991,3991,3991
2,2,2,2,2,2,2,2,2,2,2,2,2,3766,3766,3766,3766,3766,3766,3766,3766,3766,3766,3766,3766,3766,3766,3766,3766,3766,2667,2667,2667,2667,2667,2667,2667,2667,2667,2667,2667,2667,2667,2667,2667,2667,2667,2667,46,46,46,46,46,46,46,46,46,46,46,46,46,46,46,46,46,1931,1931,1931,1931,1931,1931,1931,1931,1931,1931,1931,1931,1931,1931,1931,1931,1931,3973,3973,3973,3973,3973,3973,3973,3973
2,2,2,2,2,2585,2585,2585,2585,2585,2585,2585,2585,2585,2585,2585,2585,2585,2585,2585,2585,2585,3813,3813,3813,3813,3813,3813,3813,3813,3813,3813,3813,3813,3813,3813,3813,3813,3813,3813,940,940,940,940,940,940,940,940,940,940,940,940,940,940,940,940,940,570,570,570,570,570,570,570,570,570,570,570,570,570,570,570,570,570,3578,3578,3578,3578,3578,3578,3578,3578,3578,3578,3578,3578,3578,3578,3578,3578
3,3,3,3,2393,2393,2393,2393,2393,2393,2393,2393,2393,2393,2393,2393,2393,2393,2393,2393,2393,2393,3886,3886,3886,3886,3886,3886,3886,3886,3886,3886,3886,3886,3886,3886,3886,3886,3886,1014,1014,1014,1014,1014,1014,1014,1014,1014,1014,1014,1014,1014,1014,1014,1014,1014,451,451,451,451,451,451,451,451,451,451,451,451,451,451,451,451,451,3455,3455,3455,3455,3455,3455,3455,3455,3455,3455,3455,3455,3455,3455,3455,3455,3455
2,2,2,2,2,2,2,2954,2954,2954,2954,2954,2954,2954,2954,2954,2954,2954,2954,2954,2954,2954,2954,2954,2954,3594,3594,3594,3594,3594,3594,3594,3594,3594,3594,3594,3594,3594,3594,3594,3594,3594,500,500,500,500,500,500,500,500,500,500,500,500,500,500,500,500,500,897,897,897,897,897,897,897,897,897,897,897,897,897,897,897,897,897,897,3791,3791,3791,3791,3791,3791,3791,3791,3791,3791,3791,3791,3791
3,3,3,3,3,2544,2544,2544,2544,2544,2544,2544,2544,2544,2544,2544,2544,2544,2544,2544,2544,2544,3815,3815,3815,3815,3815,3815,3815,3815,3815,3815,3815,3815,3815,3815,3815,3815,3815,938,938,938,938,938,938,938,938,938,938,938,938,938,938,938,938,938,938,454,454,454,454,454,454,454,454,454,454,454,454,454,454,454,454,454,3557,3557,3557,3557,3557,3557,3557,3557,3557,3557,3557,3557,3557,3557,3557,3557
3,3,3,3,2196,2196,2196,2196,2196,2196,2196,2196,2196,2196,2196,2196,2196,2196,2196,2196,2196,3899,3899,3899,3899,3899,3899,3899,3899,3899,3899,3899,3899,3899,3899,3899,3899,3899,1115,1115,1115,1115,1115,1115,1115,1115,1115,1115,1115,1115,1115,1115,1115,1115,1115,336,336,336,336,336,336,336,336,336,336,336,336,336,336,336,336,336,336,3310,3310,3310,3310,3310,3310,3310,3310,3310,3310,3310,3310,3310,3310,3310,3310,3310
2,2,2,2,2,2,2,2,2,2,2,2,2,2,3860,3860,3860,3860,3860,3860,3860,3860,3860,3860,3860,3860,3860,3860,3860,3860,3860,2475,2475,2475,2475,2475,2475,2475,2475,2475,2475,2475,2475,2475,2475,2475,2475,2475,2475,12,12,12,12,12,12,12,12,12,12,12,12,12,12,12,12,12,2218,2218,2218,2218,2218,2218,2218,2218,2218,2218,2218,2218,2218,2218,2218,2218,2218,3933,3933,3933,3933,3933,3933,3933
3,2,2,2,2,2,2,2,2,2,2,2,2,2,2,2,2,2,3992,3992,3992,3992,3992,3992,3992,3992,3992,3992,3992,3992,3992,3992,3992,3992,3992,3992,1679,1679,1679,1679,1679,1679,1679,1679,1679,1679,1679,1679,1679,1679,1679,1679,1679,140,140,140,140,140,140,140,140,140,140,140,140,140,140,140,140,140,2981,2981,2981,2981,2981,2981,2981,2981,2981,2981,2981,2981,2981,2981,2981,2981,2981,2981,3589,3589
3,3,3,3,3,3,3,3,3,3282,3282,3282,3282,3282,3282,3282,3282,3282,3282,3282,3282,3282,3282,3282,3282,3282,3282,3346,3346,3346,3346,3346,3346,3346,3346,3346,3346,3346,3346,3346,3346,3346,3346,3346,330,330,330,330,330,330,330,330,330,330,330,330,330,330,330,330,330,1244,1244,1244,1244,1244,1244,1244,1244,1244,1244,1244,1244,1244,1244,1244,1244,1244,3930,3930,3930,3930,3930,3930,3930,3930,3930,3930,3930,3930
2,2,2,2,2,2,2,2950,2950,2950,2950,2950,2950,2950,2950,2950,2950,2950,2950,2950,2950,2950,2950,2950,2950,3611,3611,3611,3611,3611,3611,3611,3611,3611,3611,3611,3611,3611,3611,3611,3611,3611,603,603,603,603,603,603,603,603,603,603,603,603,603,603,603,603,603,889,889,889,889,889,889,889,889,889,889,889,889,889,889,889,889,889,3789,3789,3789,3789,3789,3789,3789,3789,3789,3789,3789,3789,3789,3789
4,4,4,4,4,4,4,4,4,4,4,4,4,4,4,3919,3919,3919,3919,3919,3919,3919,3919,3919,3919,3919,3919,3919,3919,3919,3919,3919,3919,2278,2278,2278,2278,2278,2278,2278,2278,2278,2278,2278,2278,2278,2278,2278,2278,2278,5,5,5,5,5,5,5,5,5,5,5,5,5,5,5,5,5,2424,2424,2424,2424,2424,2424,2424,2424,2424,2424,2424,2424,2424,2424,2424,2424,2424,3875,3875,3875,3875,3875,3875
2,2,2,2,2,2,2,2,2,2,2,2,2,2,2,2,2,3986,3986,3986,3986,3986,3986,3986,3986,3986,3986,3986,3986,3986,3986,3986,3986,3986,3986,1879,1879,1879,1879,1879,1879,1879,1879,1879,1879,1879,1879,1879,1879,1879,1879,1879,70,70,70,70,70,70,70,70,70,70,70,70,70,70,70,70,70,2807,2807,2807,2807,2807,2807,2807,2807,2807,2807,2807,2807,2807,2807,2807,2807,2807,3702,3702,3702,3702
2,2,2,2,2,2,2,2,2,2,2,3531,3531,3531,3531,3531,3531,3531,3531,3531,3531,3531,3531,3531,3531,3531,3531,3531,3027,3027,3027,3027,3027,3027,3027,3027,3027,3027,3027,3027,3027,3027,3027,3027,3027,169,169,169,169,169,169,169,169,169,169,169,169,169,169,169,169,169,169,1451,1451,1451,1451,1451,1451,1451,1451,1451,1451,1451,1451,1451,1451,1451,1451,1451,3987,3987,3987,3987,3987,3987,3987,3987,3987,3987
3,3,3,3,3,3,3,3,3,3,3,3,3,3,3,3,3963,3963,3963,3963,3963,3963,3963,3963,3963,3963,3963,3963,3963,3963,3963,3963,3963,3963,2066,2066,2066,2066,2066,2066,2066,2066,2066,2066,2066,2066,2066,2066,2066,2066,2066,8,8,8,8,8,8,8,8,8,8,8,8,8,8,8,8,8,2617,2617,2617,2617,2617,2617,2617,2617,2617,2617,2617,2617,2617,2617,2617,2617,2617,2617,3799,3799,3799,3799
2,2,2,2127,2127,2127,2127,2127,2127,2127,2127,2127,2127,2127,2127,2127,2127,2127,2127,2127,3942,3942,3942,3942,3942,3942,3942,3942,3942,3942,3942,3942,3942,3942,3942,3942,3942,1296,1296,1296,1296,1296,1296,1296,1296,1296,1296,1296,1296,1296,1296,1296,1296,1296,1296,234,234,234,234,234,234,234,234,234,234,234,234,234,234,234,234,234,3274,3274,3274,3274,3274,3274,3274,3274,3274,3274,3274,3274,3274,3274,3274,3274,3274,3323
0,0,0,0,0,0,0,0,0,0,0,0,0,0,3856,3856,3856,3856,3856,3856,3856,3856,3856,3856,3856,3856,3856,3856,3856,3856,3856,3856,2472,2472,2472,2472,2472,2472,2472,2472,2472,2472,2472,2472,2472,2472,2472,2472,2472,9,9,9,9,9,9,9,9,9,9,9,9,9,9,9,9,9,2226,2226,2226,2226,2226,2226,2226,2226,2226,2226,2226,2226,2226,2226,2226,2226,2226,3934,3934,3934,3934,3934,3934,3934
7,7,7,7,2387,2387,2387,2387,2387,2387,2387,2387,2387,2387,2387,2387,2387,2387,2387,2387,2387,3891,3891,3891,3891,3891,3891,3891,3891,3891,3891,3891,3891,3891,3891,3891,3891,3891,3891,1114,1114,1114,1114,1114,1114,1114,1114,1114,1114,1114,1114,1114,1114,1114,1114,1114,390,390,390,390,390,390,390,390,390,390,390,390,390,390,390,390,390,3447,3447,3447,3447,3447,3447,3447,3447,3447,3447,3447,3447,3447,3447,3447,3447,3447
2,2,2,2,2,2,2,2945,2945,2945,2945,2945,2945,2945,2945,2945,2945,2945,2945,2945,2945,2945,2945,2945,3612,3612,3612,3612,3612,3612,3612,3612,3612,3612,3612,3612,3612,3612,3612,3612,3612,3612,624,624,624,624,624,624,624,624,624,624,624,624,624,624,624,624,624,778,778,778,778,778,778,778,778,778,778,778,778,778,778,778,778,778,3781,3781,3781,3781,3781,3781,3781,3781,3781,3781,3781,3781,3781,3781
3,3,3,3,3,3,3,3,3,3,3,3,3,3,3,3,3,3964,3964,3964,3964,3964,3964,3964,3964,3964,3964,3964,3964,3964,3964,3964,3964,3964,1910,1910,1910,1910,1910,1910,1910,1910,1910,1910,1910,1910,1910,1910,1910,1910,1910,16,16,16,16,16,16,16,16,16,16,16,16,16,16,16,16,16,2619,2619,2619,2619,2619,2619,2619,2619,2619,2619,2619,2619,2619,2619,2619,2619,2619,2619,3798,3798,3798,3798
3,3,1784,1784,1784,1784,1784,1784,1784,1784,1784,1784,1784,1784,1784,1784,1784,1784,1784,1784,3975,3975,3975,3975,3975,3975,3975,3975,3975,3975,3975,3975,3975,3975,3975,3975,3975,1405,1405,1405,1405,1405,1405,1405,1405,1405,1405,1405,1405,1405,1405,1405,1405,1405,229,229,229,229,229,229,229,229,229,229,229,229,229,229,229,229,229,3152,3152,3152,3152,3152,3152,3152,3152,3152,3152,3152,3152,3152,3152,3152,3152,3152,3152,3462
2,2,2,2,2,2,2,2,2,2,2,2,2,2,2,2,2,2,3991,3991,3991,3991,3991,3991,3991,3991,3991,3991,3991,3991,3991,3991,3991,3991,3991,1680,1680,1680,1680,1680,1680,1680,1680,1680,1680,1680,1680,1680,1680,1680,1680,1680,84,84,84,84,84,84,84,84,84,84,84,84,84,84,84,84,84,84,2810,2810,2810,2810,2810,2810,2810,2810,2810,2810,2810,2810,2810,2810,2810,2810,2810,3611,3611,3611
2,2,2,2,2,2,2,2,2,2,2,2,2,2,2,2,2,3963,3963,3963,3963,3963,3963,3963,3963,3963,3963,3963,3963,3963,3963,3963,3963,3963,1931,1931,1931,1931,1931,1931,1931,1931,1931,1931,1931,1931,1931,1931,1931,1931,1931,15,15,15,15,15,15,15,15,15,15,15,15,15,15,15,15,15,2619,2619,2619,2619,2619,2619,2619,2619,2619,2619,2619,2619,2619,2619,2619,2619,2619,2619,3797,3797,3797,3797
3,3,3,3,3,3,3,3,3,3,3,3,3,3,3836,3836,3836,3836,3836,3836,3836,3836,3836,3836,3836,3836,3836,3836,3836,3836,3836,2475,2475,2475,2475,2475,2475,2475,2475,2475,2475,2475,2475,2475,2475,2475,2475,2475,13,13,13,13,13,13,13,13,13,13,13,13,13,13,13,13,13,13,2053,2053,2053,2053,2053,2053,2053,2053,2053,2053,2053,2053,2053,2053,2053,2053,2053,3936,3936,3936,3936,3936,3936,3936
2,2,2,2,2,2,2,2,2,2,2,2,3674,3674,3674,3674,3674,3674,3674,3674,3674,3674,3674,3674,3674,3674,3674,3674,3674,3674,2850,2850,2850,2850,2850,2850,2850,2850,2850,2850,2850,2850,2850,2850,2850,2850,2850,78,78,78,78,78,78,78,78,78,78,78,78,78,78,78,78,78,1824,1824,1824,1824,1824,1824,1824,1824,1824,1824,1824,1824,1824,1824,1824,1824,1824,3993,3993,3993,3993,3993,3993,3993,3993,3993
3,3,3,3,2354,2354,2354,2354,2354,2354,2354,2354,2354,2354,2354,2354,2354,2354,2354,2354,2354,3890,3890,3890,3890,3890,3890,3890,3890,3890,3890,3890,3890,3890,3890,3890,3890,3890,1114,1114,1114,1114,1114,1114,1114,1114,1114,1114,1114,1114,1114,1114,1114,1114,1114,1114,335,335,335,335,335,335,335,335,335,335,335,335,335,335,335,335,335,3432,3432,3432,3432,3432,3432,3432,3432,3432,3432,3432,3432,3432,3432,3432,3432,3432
1,1,1,1,1,1,1,1,1,1,1,3430,3430,3430,3430,3430,3430,3430,3430,3430,3430,3430,3430,3430,3430,3430,3430,3430,3115,3115,3115,3115,3115,3115,3115,3115,3115,3115,3115,3115,3115,3115,3115,3115,3115,173,173,173,173,173,173,173,173,173,173,173,173,173,173,173,173,173,1438,1438,1438,1438,1438,1438,1438,1438,1438,1438,1438,1438,1438,1438,1438,1438,1438,1438,3969,3969,3969,3969,3969,3969,3969,3969,3969,3969
