2,2,2,2,2373,2373,2373,2373,2373,2373,2373,2373,2373,2373,2373,2373,2373,2373,2373,2373,2373,3888,3888,3888,3888,3888,3888,3888,3888,3888,3888,3888,3888,3888,3888,3888,3888,3888,1115,1115,1115,1115,1115,1115,1115,1115,1115,1115,1115,1115,1115,1115,1115,1115,1115,1115,379,379,379,379,379,379,379,379,379,379,379,379,379,379,379,379,379,3445,3445,3445,3445,3445,3445,3445,3445,3445,3445,3445,3445,3445,3445,3445,3445,3445
2,2,2,2,2,2,2,2,2,2,2,2,2,2,2,2,2,3963,3963,3963,3963,3963,3963,3963,3963,3963,3963,3963,3963,3963,3963,3963,3963,3963,2027,2027,2027,2027,2027,2027,2027,2027,2027,2027,2027,2027,2027,2027,2027,2027,2027,9,9,9,9,9,9,9,9,9,9,9,9,9,9,9,9,9,2619,2619,2619,2619,2619,2619,2619,2619,2619,2619,2619,2619,2619,2619,2619,2619,2619,2619,3797,3797,3797,3797
2,2,2,2,2,2,2,2937,2937,2937,2937,2937,2937,2937,2937,2937,2937,2937,2937,2937,2937,2937,2937,2937,3612,3612,3612,3612,3612,3612,3612,3612,3612,3612,3612,3612,3612,3612,3612,3612,3612,3612,624,624,624,624,624,624,624,624,624,624,624,624,624,624,624,624,624,810,810,810,810,810,810,810,810,810,810,810,810,810,810,810,810,810,3785,3785,3785,3785,3785,3785,3785,3785,3785,3785,3785,3785,3785,3785
4,2,2,2,2,2,2,2,2,2,2,2,2,2,2,2,2,2,3992,3992,3992,3992,3992,3992,3992,3992,3992,3992,3992,3992,3992,3992,3992,3992,3992,1679,1679,1679,1679,1679,1679,1679,1679,1679,1679,1679,1679,1679,1679,1679,1679,1679,1679,82,82,82,82,82,82,82,82,82,82,82,82,82,82,82,82,82,2955,2955,2955,2955,2955,2955,2955,2955,2955,2955,2955,2955,2955,2955,2955,2955,2955,3592,3592,3592
3,3,1988,1988,1988,1988,1988,1988,1988,1988,1988,1988,1988,1988,1988,1988,1988,1988,1988,1988,3973,3973,3973,3973,3973,3973,3973,3973,3973,3973,3973,3973,3973,3973,3973,3973,3973,1304,1304,1304,1304,1304,1304,1304,1304,1304,1304,1304,1304,1304,1304,1304,1304,1304,234,234,234,234,234,234,234,234,234,234,234,234,234,234,234,234,234,234,3152,3152,3152,3152,3152,3152,3152,3152,3152,3152,3152,3152,3152,3152,3152,3152,3152,3424
2,2,2,2,2,2,2,2,2,2,3429,3429,3429,3429,3429,3429,3429,3429,3429,3429,3429,3429,3429,3429,3429,3429,3429,3429,3192,3192,3192,3192,3192,3192,3192,3192,3192,3192,3192,3192,3192,3192,3192,3192,3192,212,212,212,212,212,212,212,212,212,212,212,212,212,212,212,212,212,1435,1435,1435,1435,1435,1435,1435,1435,1435,1435,1435,1435,1435,1435,1435,1435,1435,3967,3967,3967,3967,3967,3967,3967,3967,3967,3967,3967
4,4,4,4,4,4,4,4,4,4,4,4,4,4,3816,3816,3816,3816,3816,3816,3816,3816,3816,3816,3816,3816,3816,3816,3816,3816,3816,2478,2478,2478,2478,2478,2478,2478,2478,2478,2478,2478,2478,2478,2478,2478,2478,2478,12,12,12,12,12,12,12,12,12,12,12,12,12,12,12,12,12,12,2031,2031,2031,2031,2031,2031,2031,2031,2031,2031,2031,2031,2031,2031,2031,2031,2031,3954,3954,3954,3954,3954,3954,3954
2,2,2,2,2,2,2,2,2,2,2,2,2,2,2,2,2,3988,3988,3988,3988,3988,3988,3988,3988,3988,3988,3988,3988,3988,3988,3988,3988,3988,3988,1878,1878,1878,1878,1878,1878,1878,1878,1878,1878,1878,1878,1878,1878,1878,1878,1878,73,73,73,73,73,73,73,73,73,73,73,73,73,73,73,73,73,2804,2804,2804,2804,2804,2804,2804,2804,2804,2804,2804,2804,2804,2804,2804,2804,2804,3702,3702,3702,3702
2,2,2,2,2,2,2,2,2,2,2,2,2,2,3851,3851,3851,3851,3851,3851,3851,3851,3851,3851,3851,3851,3851,3851,3851,3851,3851,2475,2475,2475,2475,2475,2475,2475,2475,2475,2475,2475,2475,2475,2475,2475,2475,2475,2475,15,15,15,15,15,15,15,15,15,15,15,15,15,15,15,15,15,2200,2200,2200,2200,2200,2200,2200,2200,2200,2200,2200,2200,2200,2200,2200,2200,2200,3934,3934,3934,3934,3934,3934,3934
2,2,2,2,2,2,2,2,2,2,2,2,2,3763,3763,3763,3763,3763,3763,3763,3763,3763,3763,3763,3763,3763,3763,3763,3763,3763,2665,2665,2665,2665,2665,2665,2665,2665,2665,2665,2665,2665,2665,2665,2665,2665,2665,2665,46,46,46,46,46,46,46,46,46,46,46,46,46,46,46,46,46,1929,1929,1929,1929,1929,1929,1929,1929,1929,1929,1929,1929,1929,1929,1929,1929,1929,3975,3975,3975,3975,3975,3975,3975,3975
3,3,3,3,3,3,3,3,3,3,3,3,3,3,3834,3834,3834,3834,3834,3834,3834,3834,3834,3834,3834,3834,3834,3834,3834,3834,3834,2475,2475,2475,2475,2475,2475,2475,2475,2475,2475,2475,2475,2475,2475,2475,2475,2475,2475,13,13,13,13,13,13,13,13,13,13,13,13,13,13,13,13,13,2145,2145,2145,2145,2145,2145,2145,2145,2145,2145,2145,2145,2145,2145,2145,2145,2145,3936,3936,3936,3936,3936,3936,3936
2,2,2,2,2,2,2,2,2,2,2,2,2,2,3775,3775,3775,3775,3775,3775,3775,3775,3775,3775,3775,3775,3775,3775,3775,3775,3775,2503,2503,2503,2503,2503,2503,2503,2503,2503,2503,2503,2503,2503,2503,2503,2503,2503,15,15,15,15,15,15,15,15,15,15,15,15,15,15,15,15,15,15,2030,2030,2030,2030,2030,2030,2030,2030,2030,2030,2030,2030,2030,2030,2030,2030,2030,3950,3950,3950,3950,3950,3950,3950
3,3,3,3,3,3,3,3,3,3,3,3,3,3,3,3,3,3,3988,3988,3988,3988,3988,3988,3988,3988,3988,3988,3988,3988,3988,3988,3988,3988,3988,1685,1685,1685,1685,1685,1685,1685,1685,1685,1685,1685,1685,1685,1685,1685,1685,1685,83,83,83,83,83,83,83,83,83,83,83,83,83,83,83,83,83,83,2805,2805,2805,2805,2805,2805,2805,2805,2805,2805,2805,2805,2805,2805,2805,2805,2805,3604,3604,3604
2,2,2,2,2,2,2,2,2,2,2,2,2,3676,3676,3676,3676,3676,3676,3676,3676,3676,3676,3676,3676,3676,3676,3676,3676,3676,2697,2697,2697,2697,2697,2697,2697,2697,2697,2697,2697,2697,2697,2697,2697,2697,2697,46,46,46,46,46,46,46,46,46,46,46,46,46,46,46,46,46,46,1830,1830,1830,1830,1830,1830,1830,1830,1830,1830,1830,1830,1830,1830,1830,1830,1830,3978,3978,3978,3978,3978,3978,3978,3978
3,2,2,2,2,2,2,2,2,2,2,2,2,2,2,2,2,2,2,3988,3988,3988,3988,3988,3988,3988,3988,3988,3988,3988,3988,3988,3988,3988,3988,3988,1492,1492,1492,1492,1492,1492,1492,1492,1492,1492,1492,1492,1492,1492,1492,1492,1492,149,149,149,149,149,149,149,149,149,149,149,149,149,149,149,149,149,149,2983,2983,2983,2983,2983,2983,2983,2983,2983,2983,2983,2983,2983,2983,2983,2983,2983,3523,3523
3,3,3,3,3,3,3,3,3,3124,3124,3124,3124,3124,3124,3124,3124,3124,3124,3124,3124,3124,3124,3124,3124,3124,3395,3395,3395,3395,3395,3395,3395,3395,3395,3395,3395,3395,3395,3395,3395,3395,3395,370,370,370,370,370,370,370,370,370,370,370,370,370,370,370,370,370,1075,1075,1075,1075,1075,1075,1075,1075,1075,1075,1075,1075,1075,1075,1075,1075,1075,1075,3868,3868,3868,3868,3868,3868,3868,3868,3868,3868,3868,3868
4,4,4,4,4,4,4,4,4,4,3429,3429,3429,3429,3429,3429,3429,3429,3429,3429,3429,3429,3429,3429,3429,3429,3429,3193,3193,3193,3193,3193,3193,3193,3193,3193,3193,3193,3193,3193,3193,3193,3193,3193,3193,247,247,247,247,247,247,247,247,247,247,247,247,247,247,247,247,247,1427,1427,1427,1427,1427,1427,1427,1427,1427,1427,1427,1427,1427,1427,1427,1427,1427,3967,3967,3967,3967,3967,3967,3967,3967,3967,3967,3967
2,2,2,2,2,2,2,2,2,3124,3124,3124,3124,3124,3124,3124,3124,3124,3124,3124,3124,3124,3124,3124,3124,3124,3386,3386,3386,3386,3386,3386,3386,3386,3386,3386,3386,3386,3386,3386,3386,3386,3386,367,367,367,367,367,367,367,367,367,367,367,367,367,367,367,367,367,1069,1069,1069,1069,1069,1069,1069,1069,1069,1069,1069,1069,1069,1069,1069,1069,1069,1069,3872,3872,3872,3872,3872,3872,3872,3872,3872,3872,3872,3872
2,2,2,2,2,2391,2391,2391,2391,2391,2391,2391,2391,2391,2391,2391,2391,2391,2391,2391,2391,2391,3828,3828,3828,3828,3828,3828,3828,3828,3828,3828,3828,3828,3828,3828,3828,3828,3828,940,940,940,940,940,940,940,940,940,940,940,940,940,940,940,940,940,454,454,454,454,454,454,454,454,454,454,454,454,454,454,454,454,454,454,3459,3459,3459,3459,3459,3459,3459,3459,3459,3459,3459,3459,3459,3459,3459,3459
3,3,3,3,3,2548,2548,2548,2548,2548,2548,2548,2548,2548,2548,2548,2548,2548,2548,2548,2548,2548,3815,3815,3815,3815,3815,3815,3815,3815,3815,3815,3815,3815,3815,3815,3815,3815,3815,939,939,939,939,939,939,939,939,939,939,939,939,939,939,939,939,939,939,477,477,477,477,477,477,477,477,477,477,477,477,477,477,477,477,477,3571,3571,3571,3571,3571,3571,3571,3571,3571,3571,3571,3571,3571,3571,3571,3571
2,2,2,2,2,2,2,2,2,2,2,2,3671,3671,3671,3671,3671,3671,3671,3671,3671,3671,3671,3671,3671,3671,3671,3671,3671,2850,2850,2850,2850,2850,2850,2850,2850,2850,2850,2850,2850,2850,2850,2850,2850,2850,2850,99,99,99,99,99,99,99,99,99,99,99,99,99,99,99,99,99,1800,1800,1800,1800,1800,1800,1800,1800,1800,1800,1800,1800,1800,1800,1800,1800,1800,3991,3991,3991,3991,3991,3991,3991,3991,3991
4,4,4,1993,1993,1993,1993,1993,1993,1993,1993,1993,1993,1993,1993,1993,1993,1993,1993,1993,3956,3956,3956,3956,3956,3956,3956,3956,3956,3956,3956,3956,3956,3956,3956,3956,3956,1298,1298,1298,1298,1298,1298,1298,1298,1298,1298,1298,1298,1298,1298,1298,1298,1298,234,234,234,234,234,234,234,234,234,234,234,234,234,234,234,234,234,234,3152,3152,3152,3152,3152,3152,3152,3152,3152,3152,3152,3152,3152,3152,3152,3152,3152,3349
3,3,3,3,3,3,3,3,3,3,3429,3429,3429,3429,3429,3429,3429,3429,3429,3429,3429,3429,3429,3429,3429,3429,3429,3429,3192,3192,3192,3192,3192,3192,3192,3192,3192,3192,3192,3192,3192,3192,3192,3192,3192,210,210,210,210,210,210,210,210,210,210,210,210,210,210,210,210,210,1435,1435,1435,1435,1435,1435,1435,1435,1435,1435,1435,1435,1435,1435,1435,1435,1435,3968,3968,3968,3968,3968,3968,3968,3968,3968,3968,3968
2,2,2,2,2,2,2,2,2,2,2,2,2,2,2,2,3963,3963,3963,3963,3963,3963,3963,3963,3963,3963,3963,3963,3963,3963,3963,3963,3963,3963,2079,2079,2079,2079,2079,2079,2079,2079,2079,2079,2079,2079,2079,2079,2079,2079,2079,7,7,7,7,7,7,7,7,7,7,7,7,7,7,7,7,7,2616,2616,2616,2616,2616,2616,2616,2616,2616,2616,2616,2616,2616,2616,2616,2616,2616,3798,3798,3798,3798,3798
3,3,3,3,2369,2369,2369,2369,2369,2369,2369,2369,2369,2369,2369,2369,2369,2369,2369,2369,2369,3885,3885,3885,3885,3885,3885,3885,3885,3885,3885,3885,3885,3885,3885,3885,3885,3885,1114,1114,1114,1114,1114,1114,1114,1114,1114,1114,1114,1114,1114,1114,1114,1114,1114,1114,344,344,344,344,344,344,344,344,344,344,344,344,344,344,344,344,344,3440,3440,3440,3440,3440,3440,3440,3440,3440,3440,3440,3440,3440,3440,3440,3440,3440
3,3,3,3,3,3,2586,2586,2586,2586,2586,2586,2586,2586,2586,2586,2586,2586,2586,2586,2586,2586,2586,3775,3775,3775,3775,3775,3775,3775,3775,3775,3775,3775,3775,3775,3775,3775,3775,3775,776,776,776,776,776,776,776,776,776,776,776,776,776,776,776,776,776,589,589,589,589,589,589,589,589,589,589,589,589,589,589,589,589,589,589,3579,3579,3579,3579,3579,3579,3579,3579,3579,3579,3579,3579,3579,3579,3579
3,3,3,1995,1995,1995,1995,1995,1995,1995,1995,1995,1995,1995,1995,1995,1995,1995,1995,1995,3951,3951,3951,3951,3951,3951,3951,3951,3951,3951,3951,3951,3951,3951,3951,3951,3951,1297,1297,1297,1297,1297,1297,1297,1297,1297,1297,1297,1297,1297,1297,1297,1297,1297,234,234,234,234,234,234,234,234,234,234,234,234,234,234,234,234,234,234,3152,3152,3152,3152,3152,3152,3152,3152,3152,3152,3152,3152,3152,3152,3152,3152,3152,3342
3,3,3,3,3,3,3,3,3,3,3424,3424,3424,3424,3424,3424,3424,3424,3424,3424,3424,3424,3424,3424,3424,3424,3424,3192,3192,3192,3192,3192,3192,3192,3192,3192,3192,3192,3192,3192,3192,3192,3192,3192,3192,259,259,259,259,259,259,259,259,259,259,259,259,259,259,259,259,259,1364,1364,1364,1364,1364,1364,1364,1364,1364,1364,1364,1364,1364,1364,1364,1364,1364,3966,3966,3966,3966,3966,3966,3966,3966,3966,3966,3966
6,2,2,2,2,2,2,2,2,2,2,2,2,2,2,2,2,2,3992,3992,3992,3992,3992,3992,3992,3992,3992,3992,3992,3992,3992,3992,3992,3992,3992,1681,1681,1681,1681,1681,1681,1681,1681,1681,1681,1681,1681,1681,1681,1681,1681,1681,1681,83,83,83,83,83,83,83,83,83,83,83,83,83,83,83,83,83,2871,2871,2871,2871,2871,2871,2871,2871,2871,2871,2871,2871,2871,2871,2871,2871,2871,3601,3601,3601
1,1,1,2196,2196,2196,2196,2196,2196,2196,2196,2196,2196,2196,2196,2196,2196,2196,2196,2196,2196,3941,3941,3941,3941,3941,3941,3941,3941,3941,3941,3941,3941,3941,3941,3941,3941,3941,1226,1226,1226,1226,1226,1226,1226,1226,1226,1226,1226,1226,1226,1226,1226,1226,1226,326,326,326,326,326,326,326,326,326,326,326,326,326,326,326,326,326,3309,3309,3309,3309,3309,3309,3309,3309,3309,3309,3309,3309,3309,3309,3309,3309,3309,3309
2,2,2,2,2,2,2,2,2,2,2,2,2,2,3776,3776,3776,3776,3776,3776,3776,3776,3776,3776,3776,3776,3776,3776,3776,3776,3776,2495,2495,2495,2495,2495,2495,2495,2495,2495,2495,2495,2495,2495,2495,2495,2495,2495,15,15,15,15,15,15,15,15,15,15,15,15,15,15,15,15,15,2030,2030,2030,2030,2030,2030,2030,2030,2030,2030,2030,2030,2030,2030,2030,2030,2030,2030,3967,3967,3967,3967,3967,3967,3967
3,2,2,2,2,2,2,2,2,2,2,2,2,2,2,2,2,2,3990,3990,3990,3990,3990,3990,3990,3990,3990,3990,3990,3990,3990,3990,3990,3990,3990,1683,1683,1683,1683,1683,1683,1683,1683,1683,1683,1683,1683,1683,1683,1683,1683,1683,83,83,83,83,83,83,83,83,83,83,83,83,83,83,83,83,83,83,2806,2806,2806,2806,2806,2806,2806,2806,2806,2806,2806,2806,2806,2806,2806,2806,2806,3616,3616,3616
5,2,2,2,2,2,2,2,2,2,2,2,2,2,2,2,2,2,3991,3991,3991,3991,3991,3991,3991,3991,3991,3991,3991,3991,3991,3991,3991,3991,3991,1681,1681,1681,1681,1681,1681,1681,1681,1681,1681,1681,1681,1681,1681,1681,1681,1681,1681,82,82,82,82,82,82,82,82,82,82,82,82,82,82,82,82,82,2902,2902,2902,2902,2902,2902,2902,2902,2902,2902,2902,2902,2902,2902,2902,2902,2902,3595,3595,3595
2,2,2,2,2,2,2,2,2,2,2,2,2,3773,3773,3773,3773,3773,3773,3773,3773,3773,3773,3773,3773,3773,3773,3773,3773,3773,2666,2666,2666,2666,2666,2666,2666,2666,2666,2666,2666,2666,2666,2666,2666,2666,2666,2666,46,46,46,46,46,46,46,46,46,46,46,46,46,46,46,46,46,2011,2011,2011,2011,2011,2011,2011,2011,2011,2011,2011,2011,2011,2011,2011,2011,2011,3975,3975,3975,3975,3975,3975,3975,3975
1,1,1,1,1,1,1,1,1,1,1,3560,3560,3560,3560,3560,3560,3560,3560,3560,3560,3560,3560,3560,3560,3560,3560,3560,3560,3025,3025,3025,3025,3025,3025,3025,3025,3025,3025,3025,3025,3025,3025,3025,3025,3025,108,108,108,108,108,108,108,108,108,108,108,108,108,108,108,108,108,1632,1632,1632,1632,1632,1632,1632,1632,1632,1632,1632,1632,1632,1632,1632,1632,1632,3989,3989,3989,3989,3989,3989,3989,3989,3989,3989
3,3,3,3,3,3,3,3,3,3,3,3,3,3,3,3916,3916,3916,3916,3916,3916,3916,3916,3916,3916,3916,3916,3916,3916,3916,3916,3916,2278,2278,2278,2278,2278,2278,2278,2278,2278,2278,2278,2278,2278,2278,2278,2278,2278,2278,5,5,5,5,5,5,5,5,5,5,5,5,5,5,5,5,5,2387,2387,2387,2387,2387,2387,2387,2387,2387,2387,2387,2387,2387,2387,2387,2387,2387,3875,3875,3875,3875,3875,3875
4,4,4,4,2193,2193,2193,2193,2193,2193,2193,2193,2193,2193,2193,2193,2193,2193,2193,2193,2193,3906,3906,3906,3906,3906,3906,3906,3906,3906,3906,3906,3906,3906,3906,3906,3906,3906,1116,1116,1116,1116,1116,1116,1116,1116,1116,1116,1116,1116,1116,1116,1116,1116,1116,335,335,335,335,335,335,335,335,335,335,335,335,335,335,335,335,335,335,3310,3310,3310,3310,3310,3310,3310,3310,3310,3310,3310,3310,3310,3310,3310,3310,3310
2,2,2,2196,2196,2196,2196,2196,2196,2196,2196,2196,2196,2196,2196,2196,2196,2196,2196,2196,2196,3941,3941,3941,3941,3941,3941,3941,3941,3941,3941,3941,3941,3941,3941,3941,3941,3941,1144,1144,1144,1144,1144,1144,1144,1144,1144,1144,1144,1144,1144,1144,1144,1144,1144,334,334,334,334,334,334,334,334,334,334,334,334,334,334,334,334,334,3308,3308,3308,3308,3308,3308,3308,3308,3308,3308,3308,3308,3308,3308,3308,3308,3308,3308
3,3,3,3,3,3,3,3,3,3,3407,3407,3407,3407,3407,3407,3407,3407,3407,3407,3407,3407,3407,3407,3407,3407,3407,3194,3194,3194,3194,3194,3194,3194,3194,3194,3194,3194,3194,3194,3194,3194,3194,3194,258,258,258,258,258,258,258,258,258,258,258,258,258,258,258,258,258,258,1289,1289,1289,1289,1289,1289,1289,1289,1289,1289,1289,1289,1289,1289,1289,1289,1289,3965,3965,3965,3965,3965,3965,3965,3965,3965,3965,3965
2,2,2,2,2,2,2,2,2,2,2,2,2,2,2,2,2,3986,3986,3986,3986,3986,3986,3986,3986,3986,3986,3986,3986,3986,3986,3986,3986,3986,1878,1878,1878,1878,1878,1878,1878,1878,1878,1878,1878,1878,1878,1878,1878,1878,1878,1878,43,43,43,43,43,43,43,43,43,43,43,43,43,43,43,43,43,2795,2795,2795,2795,2795,2795,2795,2795,2795,2795,2795,2795,2795,2795,2795,2795,2795,3703,3703,3703,3703
2,2,2,2,2,2,2,2,2,2,2,3554,3554,3554,3554,3554,3554,3554,3554,3554,3554,3554,3554,3554,3554,3554,3554,3554,3025,3025,3025,3025,3025,3025,3025,3025,3025,3025,3025,3025,3025,3025,3025,3025,3025,3025,169,169,169,169,169,169,169,169,169,169,169,169,169,169,169,169,169,1599,1599,1599,1599,1599,1599,1599,1599,1599,1599,1599,1599,1599,1599,1599,1599,1599,3988,3988,3988,3988,3988,3988,3988,3988,3988,3988
3,3,3,3,3,3,3,3,3,3,3,3,3675,3675,3675,3675,3675,3675,3675,3675,3675,3675,3675,3675,3675,3675,3675,3675,3675,3675,2850,2850,2850,2850,2850,2850,2850,2850,2850,2850,2850,2850,2850,2850,2850,2850,2850,73,73,73,73,73,73,73,73,73,73,73,73,73,73,73,73,73,1827,1827,1827,1827,1827,1827,1827,1827,1827,1827,1827,1827,1827,1827,1827,1827,1827,3990,3990,3990,3990,3990,3990,3990,3990,3990
4,4,4,4,4,4,4,4,4,4,4,4,4,4,4,4,4,4,3989,3989,3989,3989,3989,3989,3989,3989,3989,3989,3989,3989,3989,3989,3989,3989,3989,1812,1812,1812,1812,1812,1812,1812,1812,1812,1812,1812,1812,1812,1812,1812,1812,1812,82,82,82,82,82,82,82,82,82,82,82,82,82,82,82,82,82,2805,2805,2805,2805,2805,2805,2805,2805,2805,2805,2805,2805,2805,2805,2805,2805,2805,2805,3702,3702,3702
0,0,0,0,0,0,0,0,0,0,0,0,3676,3676,3676,3676,3676,3676,3676,3676,3676,3676,3676,3676,3676,3676,3676,3676,3676,3676,2807,2807,2807,2807,2807,2807,2807,2807,2807,2807,2807,2807,2807,2807,2807,2807,2807,50,50,50,50,50,50,50,50,50,50,50,50,50,50,50,50,50,1830,1830,1830,1830,1830,1830,1830,1830,1830,1830,1830,1830,1830,1830,1830,1830,1830,1830,3987,3987,3987,3987,3987,3987,3987,3987
3,3,3,3,2392,2392,2392,2392,2392,2392,2392,2392,2392,2392,2392,2392,2392,2392,2392,2392,2392,3886,3886,3886,3886,3886,3886,3886,3886,3886,3886,3886,3886,3886,3886,3886,3886,3886,3886,1091,1091,1091,1091,1091,1091,1091,1091,1091,1091,1091,1091,1091,1091,1091,1091,1091,445,445,445,445,445,445,445,445,445,445,445,445,445,445,445,445,445,3451,3451,3451,3451,3451,3451,3451,3451,3451,3451,3451,3451,3451,3451,3451,3451,3451
2,2,2,2,2,2,2,2,2,2,2,2,2,3685,3685,3685,3685,3685,3685,3685,3685,3685,3685,3685,3685,3685,3685,3685,3685,3685,2676,2676,2676,2676,2676,2676,2676,2676,2676,2676,2676,2676,2676,2676,2676,2676,2676,44,44,44,44,44,44,44,44,44,44,44,44,44,44,44,44,44,44,1830,1830,1830,1830,1830,1830,1830,1830,1830,1830,1830,1830,1830,1830,1830,1830,1830,3985,3985,3985,3985,3985,3985,3985,3985
2,2,2,2,2,2,2,2,2,2,2,2,2,3775,3775,3775,3775,3775,3775,3775,3775,3775,3775,3775,3775,3775,3775,3775,3775,3775,3775,2664,2664,2664,2664,2664,2664,2664,2664,2664,2664,2664,2664,2664,2664,2664,2664,2664,23,23,23,23,23,23,23,23,23,23,23,23,23,23,23,23,23,2029,2029,2029,2029,2029,2029,2029,2029,2029,2029,2029,2029,2029,2029,2029,2029,2029,2029,3971,3971,3971,3971,3971,3971,3971
3,3,3,3,3,3,3,3,3,3,3,3,3,3,3,3,3,3,3,3979,3979,3979,3979,3979,3979,3979,3979,3979,3979,3979,3979,3979,3979,3979,3979,3979,1486,1486,1486,1486,1486,1486,1486,1486,1486,1486,1486,1486,1486,1486,1486,1486,1486,154,154,154,154,154,154,154,154,154,154,154,154,154,154,154,154,154,154,3007,3007,3007,3007,3007,3007,3007,3007,3007,3007,3007,3007,3007,3007,3007,3007,3007,3477,3477
2,2,2,2,2,2,2,2,2,2,2,2,2,3770,3770,3770,3770,3770,3770,3770,3770,3770,3770,3770,3770,3770,3770,3770,3770,3770,2666,2666,2666,2666,2666,2666,2666,2666,2666,2666,2666,2666,2666,2666,2666,2666,2666,2666,46,46,46,46,46,46,46,46,46,46,46,46,46,46,46,46,46,2004,2004,2004,2004,2004,2004,2004,2004,2004,2004,2004,2004,2004,2004,2004,2004,2004,3971,3971,3971,3971,3971,3971,3971,3971
3,3,3,3,3,3,3,3,3,3132,3132,3132,3132,3132,3132,3132,3132,3132,3132,3132,3132,3132,3132,3132,3132,3132,3360,3360,3360,3360,3360,3360,3360,3360,3360,3360,3360,3360,3360,3360,3360,3360,3360,366,366,366,366,366,366,366,366,366,366,366,366,366,366,366,366,366,366,1069,1069,1069,1069,1069,1069,1069,1069,1069,1069,1069,1069,1069,1069,1069,1069,1069,3899,3899,3899,3899,3899,3899,3899,3899,3899,3899,3899,3899
3,3,3,3,3,2394,2394,2394,2394,2394,2394,2394,2394,2394,2394,2394,2394,2394,2394,2394,2394,2394,3856,3856,3856,3856,3856,3856,3856,3856,3856,3856,3856,3856,3856,3856,3856,3856,3856,943,943,943,943,943,943,943,943,943,943,943,943,943,943,943,943,943,454,454,454,454,454,454,454,454,454,454,454,454,454,454,454,454,454,454,3453,3453,3453,3453,3453,3453,3453,3453,3453,3453,3453,3453,3453,3453,3453,3453
2,2,2,2,2,2,2774,2774,2774,2774,2774,2774,2774,2774,2774,2774,2774,2774,2774,2774,2774,2774,2774,2774,3720,3720,3720,3720,3720,3720,3720,3720,3720,3720,3720,3720,3720,3720,3720,3720,3720,725,725,725,725,725,725,725,725,725,725,725,725,725,725,725,725,725,732,732,732,732,732,732,732,732,732,732,732,732,732,732,732,732,732,3693,3693,3693,3693,3693,3693,3693,3693,3693,3693,3693,3693,3693,3693,3693
2,2,2,2,2,2,2,2,2,2,2,2,2,2,2,2,2,3962,3962,3962,3962,3962,3962,3962,3962,3962,3962,3962,3962,3962,3962,3962,3962,3962,1899,1899,1899,1899,1899,1899,1899,1899,1899,1899,1899,1899,1899,1899,1899,1899,1899,25,25,25,25,25,25,25,25,25,25,25,25,25,25,25,25,25,2619,2619,2619,2619,2619,2619,2619,2619,2619,2619,2619,2619,2619,2619,2619,2619,2619,2619,3787,3787,3787,3787
2,2,2,2,2,2577,2577,2577,2577,2577,2577,2577,2577,2577,2577,2577,2577,2577,2577,2577,2577,2577,3810,3810,3810,3810,3810,3810,3810,3810,3810,3810,3810,3810,3810,3810,3810,3810,3810,3810,939,939,939,939,939,939,939,939,939,939,939,939,939,939,939,939,939,509,509,509,509,509,509,509,509,509,509,509,509,509,509,509,509,509,3574,3574,3574,3574,3574,3574,3574,3574,3574,3574,3574,3574,3574,3574,3574,3574
2,2,2,2,2,2,2,2,2,2,2,2,2,2,2,2,3963,3963,3963,3963,3963,3963,3963,3963,3963,3963,3963,3963,3963,3963,3963,3963,3963,2079,2079,2079,2079,2079,2079,2079,2079,2079,2079,2079,2079,2079,2079,2079,2079,2079,2079,2,2,2,2,2,2,2,2,2,2,2,2,2,2,2,2,2,2607,2607,2607,2607,2607,2607,2607,2607,2607,2607,2607,2607,2607,2607,2607,2607,2607,3800,3800,3800,3800,3800
2,2,2,2,2,2,2,2,2,2,2,2,3676,3676,3676,3676,3676,3676,3676,3676,3676,3676,3676,3676,3676,3676,3676,3676,3676,3676,2850,2850,2850,2850,2850,2850,2850,2850,2850,2850,2850,2850,2850,2850,2850,2850,2850,67,67,67,67,67,67,67,67,67,67,67,67,67,67,67,67,67,1828,1828,1828,1828,1828,1828,1828,1828,1828,1828,1828,1828,1828,1828,1828,1828,1828,3992,3992,3992,3992,3992,3992,3992,3992,3992
3,3,3,3,3,3,2747,2747,2747,2747,2747,2747,2747,2747,2747,2747,2747,2747,2747,2747,2747,2747,2747,3722,3722,3722,3722,3722,3722,3722,3722,3722,3722,3722,3722,3722,3722,3722,3722,3722,775,775,775,775,775,775,775,775,775,775,775,775,775,775,775,775,775,775,590,590,590,590,590,590,590,590,590,590,590,590,590,590,590,590,590,3675,3675,3675,3675,3675,3675,3675,3675,3675,3675,3675,3675,3675,3675,3675
2,2,2,2,2,2,2,2,3123,3123,3123,3123,3123,3123,3123,3123,3123,3123,3123,3123,3123,3123,3123,3123,3123,3123,3453,3453,3453,3453,3453,3453,3453,3453,3453,3453,3453,3453,3453,3453,3453,3453,3453,375,375,375,375,375,375,375,375,375,375,375,375,375,375,375,375,375,1067,1067,1067,1067,1067,1067,1067,1067,1067,1067,1067,1067,1067,1067,1067,1067,1067,1067,3869,3869,3869,3869,3869,3869,3869,3869,3869,3869,3869,3869
2,2,2,2,2,2,2,2,2,2,3406,3406,3406,3406,3406,3406,3406,3406,3406,3406,3406,3406,3406,3406,3406,3406,3406,3194,3194,3194,3194,3194,3194,3194,3194,3194,3194,3194,3194,3194,3194,3194,3194,3194,258,258,258,258,258,258,258,258,258,258,258,258,258,258,258,258,258,258,1251,1251,1251,1251,1251,1251,1251,1251,1251,1251,1251,1251,1251,1251,1251,1251,1251,3964,3964,3964,3964,3964,3964,3964,3964,3964,3964,3964
3,3,3,3,3,3,2774,2774,2774,2774,2774,2774,2774,2774,2774,2774,2774,2774,2774,2774,2774,2774,2774,2774,3719,3719,3719,3719,3719,3719,3719,3719,3719,3719,3719,3719,3719,3719,3719,3719,3719,732,732,732,732,732,732,732,732,732,732,732,732,732,732,732,732,732,731,731,731,731,731,731,731,731,731,731,731,731,731,731,731,731,731,3694,3694,3694,3694,3694,3694,3694,3694,3694,3694,3694,3694,3694,3694,3694
0,0,0,0,0,0,0,0,0,0,0,0,0,0,0,3919,3919,3919,3919,3919,3919,3919,3919,3919,3919,3919,3919,3919,3919,3919,3919,3919,3919,2285,2285,2285,2285,2285,2285,2285,2285,2285,2285,2285,2285,2285,2285,2285,2285,2285,7,7,7,7,7,7,7,7,7,7,7,7,7,7,7,7,7,2420,2420,2420,2420,2420,2420,2420,2420,2420,2420,2420,2420,2420,2420,2420,2420,2420,3874,3874,3874,3874,3874,3874
2,2,2,2,2,2,2,2,3122,3122,3122,3122,3122,3122,3122,3122,3122,3122,3122,3122,3122,3122,3122,3122,3122,3482,3482,3482,3482,3482,3482,3482,3482,3482,3482,3482,3482,3482,3482,3482,3482,3482,3482,485,485,485,485,485,485,485,485,485,485,485,485,485,485,485,485,485,1062,1062,1062,1062,1062,1062,1062,1062,1062,1062,1062,1062,1062,1062,1062,1062,1062,3867,3867,3867,3867,3867,3867,3867,3867,3867,3867,3867,3867,3867
2,2,2,2,2,2,2,2,2,2,2,2,2,2,3851,3851,3851,3851,3851,3851,3851,3851,3851,3851,3851,3851,3851,3851,3851,3851,3851,2474,2474,2474,2474,2474,2474,2474,2474,2474,2474,2474,2474,2474,2474,2474,2474,2474,2474,12,12,12,12,12,12,12,12,12,12,12,12,12,12,12,12,12,2160,2160,2160,2160,2160,2160,2160,2160,2160,2160,2160,2160,2160,2160,2160,2160,2160,3935,3935,3935,3935,3935,3935,3935
2,2,2,2,2,2,2,2,2,3265,3265,3265,3265,3265,3265,3265,3265,3265,3265,3265,3265,3265,3265,3265,3265,3265,3347,3347,3347,3347,3347,3347,3347,3347,3347,3347,3347,3347,3347,3347,3347,3347,3347,364,364,364,364,364,364,364,364,364,364,364,364,364,364,364,364,364,364,1111,1111,1111,1111,1111,1111,1111,1111,1111,1111,1111,1111,1111,1111,1111,1111,1111,3922,3922,3922,3922,3922,3922,3922,3922,3922,3922,3922,3922
3,3,3,3,3,3,2587,2587,2587,2587,2587,2587,2587,2587,2587,2587,2587,2587,2587,2587,2587,2587,2587,3769,3769,3769,3769,3769,3769,3769,3769,3769,3769,3769,3769,3769,3769,3769,3769,3769,779,779,779,779,779,779,779,779,779,779,779,779,779,779,779,779,779,590,590,590,590,590,590,590,590,590,590,590,590,590,590,590,590,590,590,3580,3580,3580,3580,3580,3580,3580,3580,3580,3580,3580,3580,3580,3580,3580
4,4,4,4,4,4,4,4,4,4,4,3511,3511,3511,3511,3511,3511,3511,3511,3511,3511,3511,3511,3511,3511,3511,3511,3511,3029,3029,3029,3029,3029,3029,3029,3029,3029,3029,3029,3029,3029,3029,3029,3029,3029,170,170,170,170,170,170,170,170,170,170,170,170,170,170,170,170,170,170,1437,1437,1437,1437,1437,1437,1437,1437,1437,1437,1437,1437,1437,1437,1437,1437,1437,3985,3985,3985,3985,3985,3985,3985,3985,3985,3985
5,5,5,5,5,5,5,5,5,5,5,3546,3546,3546,3546,3546,3546,3546,3546,3546,3546,3546,3546,3546,3546,3546,3546,3546,3027,3027,3027,3027,3027,3027,3027,3027,3027,3027,3027,3027,3027,3027,3027,3027,3027,3027,169,169,169,169,169,169,169,169,169,169,169,169,169,169,169,169,169,1522,1522,1522,1522,1522,1522,1522,1522,1522,1522,1522,1522,1522,1522,1522,1522,1522,3988,3988,3988,3988,3988,3988,3988,3988,3988,3988
2,2,2,2,2,2,2,2,2,2,2,2,2,2,2,2,3920,3920,3920,3920,3920,3920,3920,3920,3920,3920,3920,3920,3920,3920,3920,3920,3920,2117,2117,2117,2117,2117,2117,2117,2117,2117,2117,2117,2117,2117,2117,2117,2117,2117,4,4,4,4,4,4,4,4,4,4,4,4,4,4,4,4,4,2426,2426,2426,2426,2426,2426,2426,2426,2426,2426,2426,2426,2426,2426,2426,2426,2426,2426,3870,3870,3870,3870,3870
3,3,3,3,3,3,3,3,3123,3123,3123,3123,3123,3123,3123,3123,3123,3123,3123,3123,3123,3123,3123,3123,3123,3123,3485,3485,3485,3485,3485,3485,3485,3485,3485,3485,3485,3485,3485,3485,3485,3485,3485,428,428,428,428,428,428,428,428,428,428,428,428,428,428,428,428,428,1066,1066,1066,1066,1066,1066,1066,1066,1066,1066,1066,1066,1066,1066,1066,1066,1066,3870,3870,3870,3870,3870,3870,3870,3870,3870,3870,3870,3870,3870
3,3,3,3,3,3,3,3,3,3,3,3,3,3775,3775,3775,3775,3775,3775,3775,3775,3775,3775,3775,3775,3775,3775,3775,3775,3775,3775,2666,2666,2666,2666,2666,2666,2666,2666,2666,2666,2666,2666,2666,2666,2666,2666,2666,26,26,26,26,26,26,26,26,26,26,26,26,26,26,26,26,26,2029,2029,2029,2029,2029,2029,2029,2029,2029,2029,2029,2029,2029,2029,2029,2029,2029,3972,3972,3972,3972,3972,3972,3972,3972
2,2,2,2,2,2,2,2,2963,2963,2963,2963,2963,2963,2963,2963,2963,2963,2963,2963,2963,2963,2963,2963,2963,3501,3501,3501,3501,3501,3501,3501,3501,3501,3501,3501,3501,3501,3501,3501,3501,3501,488,488,488,488,488,488,488,488,488,488,488,488,488,488,488,488,488,488,898,898,898,898,898,898,898,898,898,898,898,898,898,898,898,898,898,3829,3829,3829,3829,3829,3829,3829,3829,3829,3829,3829,3829,3829
3,3,3,3,3,3,3,3,2954,2954,2954,2954,2954,2954,2954,2954,2954,2954,2954,2954,2954,2954,2954,2954,2954,3512,3512,3512,3512,3512,3512,3512,3512,3512,3512,3512,3512,3512,3512,3512,3512,3512,489,489,489,489,489,489,489,489,489,489,489,489,489,489,489,489,489,897,897,897,897,897,897,897,897,897,897,897,897,897,897,897,897,897,897,3795,3795,3795,3795,3795,3795,3795,3795,3795,3795,3795,3795,3795
0,0,0,0,0,0,0,0,0,0,0,3559,3559,3559,3559,3559,3559,3559,3559,3559,3559,3559,3559,3559,3559,3559,3559,3559,3063,3027,3027,3027,3027,3027,3027,3027,3027,3027,3027,3027,3027,3027,3027,3027,3027,3027,147,147,147,147,147,147,147,147,147,147,147,147,147,147,147,147,147,1626,1626,1626,1626,1626,1626,1626,1626,1626,1626,1626,1626,1626,1626,1626,1626,1626,3989,3989,3989,3989,3989,3989,3989,3989,3989,3989
2,2,2,2,2,2,2773,2773,2773,2773,2773,2773,2773,2773,2773,2773,2773,2773,2773,2773,2773,2773,2773,3719,3719,3719,3719,3719,3719,3719,3719,3719,3719,3719,3719,3719,3719,3719,3719,3719,3719,773,773,773,773,773,773,773,773,773,773,773,773,773,773,773,773,773,724,724,724,724,724,724,724,724,724,724,724,724,724,724,724,724,724,3693,3693,3693,3693,3693,3693,3693,3693,3693,3693,3693,3693,3693,3693,3693
1,1,1,1,1,1,1,1,1,1,1,1,3561,3561,3561,3561,3561,3561,3561,3561,3561,3561,3561,3561,3561,3561,3561,3561,3561,2934,2934,2934,2934,2934,2934,2934,2934,2934,2934,2934,2934,2934,2934,2934,2934,2934,102,102,102,102,102,102,102,102,102,102,102,102,102,102,102,102,102,1632,1632,1632,1632,1632,1632,1632,1632,1632,1632,1632,1632,1632,1632,1632,1632,1632,1632,3990,3990,3990,3990,3990,3990,3990,3990,3990
3,3,3,3,3,3,3,2953,2953,2953,2953,2953,2953,2953,2953,2953,2953,2953,2953,2953,2953,2953,2953,2953,2953,3609,3609,3609,3609,3609,3609,3609,3609,3609,3609,3609,3609,3609,3609,3609,3609,3609,511,511,511,511,511,511,511,511,511,511,511,511,511,511,511,511,511,897,897,897,897,897,897,897,897,897,897,897,897,897,897,897,897,897,3789,3789,3789,3789,3789,3789,3789,3789,3789,3789,3789,3789,3789,3789
3,3,3,3,3,3,3,2775,2775,2775,2775,2775,2775,2775,2775,2775,2775,2775,2775,2775,2775,2775,2775,2775,3662,3662,3662,3662,3662,3662,3662,3662,3662,3662,3662,3662,3662,3662,3662,3662,3662,629,629,629,629,629,629,629,629,629,629,629,629,629,629,629,629,629,736,736,736,736,736,736,736,736,736,736,736,736,736,736,736,736,736,736,3695,3695,3695,3695,3695,3695,3695,3695,3695,3695,3695,3695,3695,3695
3,3,3,3,3,3,3,3,3,3,3429,3429,3429,3429,3429,3429,3429,3429,3429,3429,3429,3429,3429,3429,3429,3429,3429,3429,3186,3186,3186,3186,3186,3186,3186,3186,3186,3186,3186,3186,3186,3186,3186,3186,3186,182,182,182,182,182,182,182,182,182,182,182,182,182,182,182,182,182,1437,1437,1437,1437,1437,1437,1437,1437,1437,1437,1437,1437,1437,1437,1437,1437,1437,3968,3968,3968,3968,3968,3968,3968,3968,3968,3968,3968
3,3,1876,1876,1876,1876,1876,1876,1876,1876,1876,1876,1876,1876,1876,1876,1876,1876,1876,1876,3977,3977,3977,3977,3977,3977,3977,3977,3977,3977,3977,3977,3977,3977,3977,3977,3977,1367,1367,1367,1367,1367,1367,1367,1367,1367,1367,1367,1367,1367,1367,1367,1367,1367,232,232,232,232,232,232,232,232,232,232,232,232,232,232,232,232,232,3152,3152,3152,3152,3152,3152,3152,3152,3152,3152,3152,3152,3152,3152,3152,3152,3152,3152,3463
2,2,2,2,2,2,2,2,2,2,2,3430,3430,3430,3430,3430,3430,3430,3430,3430,3430,3430,3430,3430,3430,3430,3430,3430,3061,3061,3061,3061,3061,3061,3061,3061,3061,3061,3061,3061,3061,3061,3061,3061,3061,172,172,172,172,172,172,172,172,172,172,172,172,172,172,172,172,172,1437,1437,1437,1437,1437,1437,1437,1437,1437,1437,1437,1437,1437,1437,1437,1437,1437,1437,3973,3973,3973,3973,3973,3973,3973,3973,3973,3973
2,2,2,2,2,2,2,2,2,2,2,2,2,2,3842,3842,3842,3842,3842,3842,3842,3842,3842,3842,3842,3842,3842,3842,3842,3842,3842,2474,2474,2474,2474,2474,2474,2474,2474,2474,2474,2474,2474,2474,2474,2474,2474,2474,8,8,8,8,8,8,8,8,8,8,8,8,8,8,8,8,8,8,2056,2056,2056,2056,2056,2056,2056,2056,2056,2056,2056,2056,2056,2056,2056,2056,2056,3937,3937,3937,3937,3937,3937,3937
4,2,2,2,2,2,2,2,2,2,2,2,2,2,2,2,2,2,3991,3991,3991,3991,3991,3991,3991,3991,3991,3991,3991,3991,3991,3991,3991,3991,3991,1681,1681,1681,1681,1681,1681,1681,1681,1681,1681,1681,1681,1681,1681,1681,1681,1681,1681,83,83,83,83,83,83,83,83,83,83,83,83,83,83,83,83,83,2938,2938,2938,2938,2938,2938,2938,2938,2938,2938,2938,2938,2938,2938,2938,2938,2938,3595,3595,3595
2,2,2,2,2,2,2,2,2,2,2,3429,3429,3429,3429,3429,3429,3429,3429,3429,3429,3429,3429,3429,3429,3429,3429,3429,3107,3107,3107,3107,3107,3107,3107,3107,3107,3107,3107,3107,3107,3107,3107,3107,3107,173,173,173,173,173,173,173,173,173,173,173,173,173,173,173,173,173,1438,1438,1438,1438,1438,1438,1438,1438,1438,1438,1438,1438,1438,1438,1438,1438,1438,1438,3968,3968,3968,3968,3968,3968,3968,3968,3968,3968
3,3,3,3,3,3,3,3,3,3,3,3,3,3,3,3918,3918,3918,3918,3918,3918,3918,3918,3918,3918,3918,3918,3918,3918,3918,3918,3918,2278,2278,2278,2278,2278,2278,2278,2278,2278,2278,2278,2278,2278,2278,2278,2278,2278,2278,4,4,4,4,4,4,4,4,4,4,4,4,4,4,4,4,4,2419,2419,2419,2419,2419,2419,2419,2419,2419,2419,2419,2419,2419,2419,2419,2419,2419,3873,3873,3873,3873,3873,3873
3,3,3,3,3,3,3,3,3,3,3,3,3,3,3,3920,3920,3920,3920,3920,3920,3920,3920,3920,3920,3920,3920,3920,3920,3920,3920,3920,3920,2263,2263,2263,2263,2263,2263,2263,2263,2263,2263,2263,2263,2263,2263,2263,2263,2263,4,4,4,4,4,4,4,4,4,4,4,4,4,4,4,4,4,2425,2425,2425,2425,2425,2425,2425,2425,2425,2425,2425,2425,2425,2425,2425,2425,2425,2425,3874,3874,3874,3874,3874
2,2,2,2,2,2,2,2,2,2,3430,3430,3430,3430,3430,3430,3430,3430,3430,3430,3430,3430,3430,3430,3430,3430,3430,3430,3173,3173,3173,3173,3173,3173,3173,3173,3173,3173,3173,3173,3173,3173,3173,3173,3173,178,178,178,178,178,178,178,178,178,178,178,178,178,178,178,178,178,1436,1436,1436,1436,1436,1436,1436,1436,1436,1436,1436,1436,1436,1436,1436,1436,1436,1436,3969,3969,3969,3969,3969,3969,3969,3969,3969,3969
0,0,0,0,0,0,0,0,2953,2953,2953,2953,2953,2953,2953,2953,2953,2953,2953,2953,2953,2953,2953,2953,2953,3518,3518,3518,3518,3518,3518,3518,3518,3518,3518,3518,3518,3518,3518,3518,3518,3518,490,490,490,490,490,490,490,490,490,490,490,490,490,490,490,490,490,898,898,898,898,898,898,898,898,898,898,898,898,898,898,898,898,898,898,3790,3790,3790,3790,3790,3790,3790,3790,3790,3790,3790,3790,3790
3,3,3,1995,1995,1995,1995,1995,1995,1995,1995,1995,1995,1995,1995,1995,1995,1995,1995,1995,3949,3949,3949,3949,3949,3949,3949,3949,3949,3949,3949,3949,3949,3949,3949,3949,3949,1297,1297,1297,1297,1297,1297,1297,1297,1297,1297,1297,1297,1297,1297,1297,1297,1297,235,235,235,235,235,235,235,235,235,235,235,235,235,235,235,235,235,235,3188,3188,3188,3188,3188,3188,3188,3188,3188,3188,3188,3188,3188,3188,3188,3188,3188,3332
3,3,3,3,3,3,3,3,3,3,3,3,3667,3667,3667,3667,3667,3667,3667,3667,3667,3667,3667,3667,3667,3667,3667,3667,3667,3667,2851,2851,2851,2851,2851,2851,2851,2851,2851,2851,2851,2851,2851,2851,2851,2851,2851,72,72,72,72,72,72,72,72,72,72,72,72,72,72,72,72,72,1827,1827,1827,1827,1827,1827,1827,1827,1827,1827,1827,1827,1827,1827,1827,1827,1827,3990,3990,3990,3990,3990,3990,3990,3990,3990
3,3,3,3,3,3,2754,2754,2754,2754,2754,2754,2754,2754,2754,2754,2754,2754,2754,2754,2754,2754,2754,3721,3721,3721,3721,3721,3721,3721,3721,3721,3721,3721,3721,3721,3721,3721,3721,3721,775,775,775,775,775,775,775,775,775,775,775,775,775,775,775,775,775,775,600,600,600,600,600,600,600,600,600,600,600,600,600,600,600,600,600,3681,3681,3681,3681,3681,3681,3681,3681,3681,3681,3681,3681,3681,3681,3681
3,3,3,2031,2031,2031,2031,2031,2031,2031,2031,2031,2031,2031,2031,2031,2031,2031,2031,2031,3944,3944,3944,3944,3944,3944,3944,3944,3944,3944,3944,3944,3944,3944,3944,3944,3944,1296,1296,1296,1296,1296,1296,1296,1296,1296,1296,1296,1296,1296,1296,1296,1296,1296,1296,236,236,236,236,236,236,236,236,236,236,236,236,236,236,236,236,236,3256,3256,3256,3256,3256,3256,3256,3256,3256,3256,3256,3256,3256,3256,3256,3256,3256,3327
2,2,2,2,2,2,2,2,2,2,2,2,2,3731,3731,3731,3731,3731,3731,3731,3731,3731,3731,3731,3731,3731,3731,3731,3731,3731,2668,2668,2668,2668,2668,2668,2668,2668,2668,2668,2668,2668,2668,2668,2668,2668,2668,46,46,46,46,46,46,46,46,46,46,46,46,46,46,46,46,46,46,1830,1830,1830,1830,1830,1830,1830,1830,1830,1830,1830,1830,1830,1830,1830,1830,1830,3976,3976,3976,3976,3976,3976,3976,3976
2,2,2,2,2,2,2,2,3119,3119,3119,3119,3119,3119,3119,3119,3119,3119,3119,3119,3119,3119,3119,3119,3119,3486,3486,3486,3486,3486,3486,3486,3486,3486,3486,3486,3486,3486,3486,3486,3486,3486,3486,487,487,487,487,487,487,487,487,487,487,487,487,487,487,487,487,487,1040,1040,1040,1040,1040,1040,1040,1040,1040,1040,1040,1040,1040,1040,1040,1040,1040,3866,3866,3866,3866,3866,3866,3866,3866,3866,3866,3866,3866,3866
3,3,1957,1957,1957,1957,1957,1957,1957,1957,1957,1957,1957,1957,1957,1957,1957,1957,1957,1957,3975,3975,3975,3975,3975,3975,3975,3975,3975,3975,3975,3975,3975,3975,3975,3975,3975,1344,1344,1344,1344,1344,1344,1344,1344,1344,1344,1344,1344,1344,1344,1344,1344,1344,232,232,232,232,232,232,232,232,232,232,232,232,232,232,232,232,232,3151,3151,3151,3151,3151,3151,3151,3151,3151,3151,3151,3151,3151,3151,3151,3151,3151,3151,3463
3,3,3,3,2393,2393,2393,2393,2393,2393,2393,2393,2393,2393,2393,2393,2393,2393,2393,2393,2393,3886,3886,3886,3886,3886,3886,3886,3886,3886,3886,3886,3886,3886,3886,3886,3886,3886,3886,1083,1083,1083,1083,1083,1083,1083,1083,1083,1083,1083,1083,1083,1083,1083,1083,1083,446,446,446,446,446,446,446,446,446,446,446,446,446,446,446,446,446,3452,3452,3452,3452,3452,3452,3452,3452,3452,3452,3452,3452,3452,3452,3452,3452,3452
6,6,6,6,6,6,6,6,6,3283,3283,3283,3283,3283,3283,3283,3283,3283,3283,3283,3283,3283,3283,3283,3283,3283,3283,3345,3345,3345,3345,3345,3345,3345,3345,3345,3345,3345,3345,3345,3345,3345,3345,3345,320,320,320,320,320,320,320,320,320,320,320,320,320,320,320,320,320,1242,1242,1242,1242,1242,1242,1242,1242,1242,1242,1242,1242,1242,1242,1242,1242,1242,3928,3928,3928,3928,3928,3928,3928,3928,3928,3928,3928,3928
3,3,3,2157,2157,2157,2157,2157,2157,2157,2157,2157,2157,2157,2157,2157,2157,2157,2157,2157,3939,3939,3939,3939,3939,3939,3939,3939,3939,3939,3939,3939,3939,3939,3939,3939,3939,1296,1296,1296,1296,1296,1296,1296,1296,1296,1296,1296,1296,1296,1296,1296,1296,1296,1296,243,243,243,243,243,243,243,243,243,243,243,243,243,243,243,243,243,3298,3298,3298,3298,3298,3298,3298,3298,3298,3298,3298,3298,3298,3298,3298,3298,3298,3321
4,4,4,4,4,4,4,4,4,4,3420,3420,3420,3420,3420,3420,3420,3420,3420,3420,3420,3420,3420,3420,3420,3420,3420,3193,3193,3193,3193,3193,3193,3193,3193,3193,3193,3193,3193,3193,3193,3193,3193,3193,3193,258,258,258,258,258,258,258,258,258,258,258,258,258,258,258,258,258,1395,1395,1395,1395,1395,1395,1395,1395,1395,1395,1395,1395,1395,1395,1395,1395,1395,3968,3968,3968,3968,3968,3968,3968,3968,3968,3968,3968
2,2,2,2,2,2,2,2,2,2,2,2,2,2,2,3919,3919,3919,3919,3919,3919,3919,3919,3919,3919,3919,3919,3919,3919,3919,3919,3919,3919,2278,2278,2278,2278,2278,2278,2278,2278,2278,2278,2278,2278,2278,2278,2278,2278,2278,4,4,4,4,4,4,4,4,4,4,4,4,4,4,4,4,4,2423,2423,2423,2423,2423,2423,2423,2423,2423,2423,2423,2423,2423,2423,2423,2423,2423,3873,3873,3873,3873,3873,3873
2,2,2,2,2,2,2,2,2,2,2,2,3675,3675,3675,3675,3675,3675,3675,3675,3675,3675,3675,3675,3675,3675,3675,3675,3675,2850,2850,2850,2850,2850,2850,2850,2850,2850,2850,2850,2850,2850,2850,2850,2850,2850,2850,89,89,89,89,89,89,89,89,89,89,89,89,89,89,89,89,89,1821,1821,1821,1821,1821,1821,1821,1821,1821,1821,1821,1821,1821,1821,1821,1821,1821,3992,3992,3992,3992,3992,3992,3992,3992,3992
