7,7,7,7,7,7,7,7,7,7,7,7,7,3766,3766,3766,3766,3766,3766,3766,3766,3766,3766,3766,3766,3766,3766,3196,3196,3196,3196,3196,3196,3196,3196,3196,3196,3196,3196,3196,3196,671,671,671,671,671,671,671,671,671,671,671,671,671,671,234,234,234,234,234,234,234,234,234,234,234,234,234,2617,2617,2617,2617,2617,2617,2617,2617,2617,2617,2617,2617,2617,2617,3969,3969,3969,3969,3969,3969,3969,3969
3,3,3,3,3,3,3,3,3121,3121,3121,3121,3121,3121,3121,3121,3121,3121,3121,3121,3121,3121,3810,3810,3810,3810,3810,3810,3810,3810,3810,3810,3810,3810,3810,3810,1507,1507,1507,1507,1507,1507,1507,1507,1507,1507,1507,1507,1507,1507,6,6,6,6,6,6,6,6,6,6,6,6,6,1636,1636,1636,1636,1636,1636,1636,1636,1636,1636,1636,1636,1636,1636,3867,3867,3867,3867,3867,3867,3867,3867,3867,3867,3867,3867,3867
3,3,3,3,3,3,3,3,3,3,3,3557,3557,3557,3557,3557,3557,3557,3557,3557,3557,3557,3557,3557,3557,3484,3484,3484,3484,3484,3484,3484,3484,3484,3484,3484,3484,3484,3484,966,966,966,966,966,966,966,966,966,966,966,966,966,966,92,92,92,92,92,92,92,92,92,92,92,92,92,2226,2226,2226,2226,2226,2226,2226,2226,2226,2226,2226,2226,2226,2226,3986,3986,3986,3986,3986,3986,3986,3986,3986,3986
3,3,3,3,3,3,3,3,3,3,3,3,3,3,3850,3850,3850,3850,3850,3850,3850,3850,3850,3850,3850,3850,3850,3850,3080,3080,3080,3080,3080,3080,3080,3080,3080,3080,3080,3080,3080,628,628,628,628,628,628,628,628,628,628,628,628,628,628,337,337,337,337,337,337,337,337,337,337,337,337,337,337,2801,2801,2801,2801,2801,2801,2801,2801,2801,2801,2801,2801,2801,2801,3934,3934,3934,3934,3934,3934,3934
2,2,2,2,2,2,2,2,2,2,2,2,2,2,3859,3859,3859,3859,3859,3859,3859,3859,3859,3859,3859,3859,3859,3859,3063,3063,3063,3063,3063,3063,3063,3063,3063,3063,3063,3063,3063,3063,622,622,622,622,622,622,622,622,622,622,622,622,622,337,337,337,337,337,337,337,337,337,337,337,337,337,337,2800,2800,2800,2800,2800,2800,2800,2800,2800,2800,2800,2800,2800,2800,3934,3934,3934,3934,3934,3934,3934
3,3,3,3,3,3,3,2951,2951,2951,2951,2951,2951,2951,2951,2951,2951,2951,2951,2951,2951,3883,3883,3883,3883,3883,3883,3883,3883,3883,3883,3883,3883,3883,3883,1710,1710,1710,1710,1710,1710,1710,1710,1710,1710,1710,1710,1710,1710,13,13,13,13,13,13,13,13,13,13,13,13,13,1437,1437,1437,1437,1437,1437,1437,1437,1437,1437,1437,1437,1437,1437,3783,3783,3783,3783,3783,3783,3783,3783,3783,3783,3783,3783,3783,3783
3,3,3,3,3,3,3,3,3109,3109,3109,3109,3109,3109,3109,3109,3109,3109,3109,3109,3109,3109,3850,3850,3850,3850,3850,3850,3850,3850,3850,3850,3850,3850,3850,1682,1682,1682,1682,1682,1682,1682,1682,1682,1682,1682,1682,1682,1682,7,7,7,7,7,7,7,7,7,7,7,7,7,7,1632,1632,1632,1632,1632,1632,1632,1632,1632,1632,1632,1632,1632,1632,3853,3853,3853,3853,3853,3853,3853,3853,3853,3853,3853,3853,3853
4,4,4,4,4,4,2768,2768,2768,2768,2768,2768,2768,2768,2768,2768,2768,2768,2768,2768,3946,3946,3946,3946,3946,3946,3946,3946,3946,3946,3946,3946,3946,3946,2077,2077,2077,2077,2077,2077,2077,2077,2077,2077,2077,2077,2077,47,47,47,47,47,47,47,47,47,47,47,47,47,47,1251,1251,1251,1251,1251,1251,1251,1251,1251,1251,1251,1251,1251,1251,3685,3685,3685,3685,3685,3685,3685,3685,3685,3685,3685,3685,3685,3685,3377
3,3,3,3,3,3,3,2917,2917,2917,2917,2917,2917,2917,2917,2917,2917,2917,2917,2917,2917,3935,3935,3935,3935,3935,3935,3935,3935,3935,3935,3935,3935,3935,1879,1879,1879,1879,1879,1879,1879,1879,1879,1879,1879,1879,1879,1879,14,14,14,14,14,14,14,14,14,14,14,14,14,14,1432,1432,1432,1432,1432,1432,1432,1432,1432,1432,1432,1432,1432,1432,3752,3752,3752,3752,3752,3752,3752,3752,3752,3752,3752,3752,3752,3318
3,3,3,3,3,3,2772,2772,2772,2772,2772,2772,2772,2772,2772,2772,2772,2772,2772,2772,3937,3937,3937,3937,3937,3937,3937,3937,3937,3937,3937,3937,3937,3937,1884,1884,1884,1884,1884,1884,1884,1884,1884,1884,1884,1884,1884,1884,27,27,27,27,27,27,27,27,27,27,27,27,27,27,1251,1251,1251,1251,1251,1251,1251,1251,1251,1251,1251,1251,1251,3690,3690,3690,3690,3690,3690,3690,3690,3690,3690,3690,3690,3690,3690,3319
3,3,3,3,3,3,3,3,3,3,3,3,3,3771,3771,3771,3771,3771,3771,3771,3771,3771,3771,3771,3771,3771,3771,3192,3192,3192,3192,3192,3192,3192,3192,3192,3192,3192,3192,3192,3192,639,639,639,639,639,639,639,639,639,639,639,639,639,639,278,278,278,278,278,278,278,278,278,278,278,278,278,2616,2616,2616,2616,2616,2616,2616,2616,2616,2616,2616,2616,2616,2616,3967,3967,3967,3967,3967,3967,3967,3967
1,1,1,1,2391,2391,2391,2391,2391,2391,2391,2391,2391,2391,2391,2391,2391,2391,3989,3989,3989,3989,3989,3989,3989,3989,3989,3989,3989,3989,3989,3989,2282,2282,2282,2282,2282,2282,2282,2282,2282,2282,2282,2282,2282,2282,114,114,114,114,114,114,114,114,114,114,114,114,114,114,899,899,899,899,899,899,899,899,899,899,899,899,899,3449,3449,3449,3449,3449,3449,3449,3449,3449,3449,3449,3449,3449,3449,3587,3587,3587
3,3,3,3,2389,2389,2389,2389,2389,2389,2389,2389,2389,2389,2389,2389,2389,2389,3987,3987,3987,3987,3987,3987,3987,3987,3987,3987,3987,3987,3987,3987,2296,2296,2296,2296,2296,2296,2296,2296,2296,2296,2296,2296,2296,2296,140,140,140,140,140,140,140,140,140,140,140,140,140,898,898,898,898,898,898,898,898,898,898,898,898,898,898,3447,3447,3447,3447,3447,3447,3447,3447,3447,3447,3447,3447,3447,3447,3589,3589,3589
2,2,2,2,2,2,2,2,2,2,2,3557,3557,3557,3557,3557,3557,3557,3557,3557,3557,3557,3557,3557,3557,3484,3484,3484,3484,3484,3484,3484,3484,3484,3484,3484,3484,3484,3484,971,971,971,971,971,971,971,971,971,971,971,971,971,971,84,84,84,84,84,84,84,84,84,84,84,84,84,2227,2227,2227,2227,2227,2227,2227,2227,2227,2227,2227,2227,2227,2227,3985,3985,3985,3985,3985,3985,3985,3985,3985,3985
3,3,3,3,3,3,3,2842,2842,2842,2842,2842,2842,2842,2842,2842,2842,2842,2842,2842,3937,3937,3937,3937,3937,3937,3937,3937,3937,3937,3937,3937,3937,3937,1877,1877,1877,1877,1877,1877,1877,1877,1877,1877,1877,1877,1877,1877,15,15,15,15,15,15,15,15,15,15,15,15,15,15,1416,1416,1416,1416,1416,1416,1416,1416,1416,1416,1416,1416,1416,1416,3705,3705,3705,3705,3705,3705,3705,3705,3705,3705,3705,3705,3705,3317
0,0,0,1995,1995,1995,1995,1995,1995,1995,1995,1995,1995,1995,1995,1995,3957,3957,3957,3957,3957,3957,3957,3957,3957,3957,3957,3957,3957,3957,2665,2665,2665,2665,2665,2665,2665,2665,2665,2665,2665,2665,2665,2665,267,267,267,267,267,267,267,267,267,267,267,267,267,267,681,681,681,681,681,681,681,681,681,681,681,681,681,3149,3149,3149,3149,3149,3149,3149,3149,3149,3149,3149,3149,3149,3149,3794,3794,3794,3794,3794
2,2,2,2,2,2,2,2,2,2,3425,3425,3425,3425,3425,3425,3425,3425,3425,3425,3425,3425,3425,3425,3609,3609,3609,3609,3609,3609,3609,3609,3609,3609,3609,3609,3609,3609,1140,1140,1140,1140,1140,1140,1140,1140,1140,1140,1140,1140,1140,1140,43,43,43,43,43,43,43,43,43,43,43,43,43,2029,2029,2029,2029,2029,2029,2029,2029,2029,2029,2029,2029,2029,2029,3963,3963,3963,3963,3963,3963,3963,3963,3963,3963,3963
3,3,3,3,2389,2389,2389,2389,2389,2389,2389,2389,2389,2389,2389,2389,2389,2389,3986,3986,3986,3986,3986,3986,3986,3986,3986,3986,3986,3986,3986,3986,2459,2459,2459,2459,2459,2459,2459,2459,2459,2459,2459,2459,2459,170,170,170,170,170,170,170,170,170,170,170,170,170,170,898,898,898,898,898,898,898,898,898,898,898,898,898,898,3440,3440,3440,3440,3440,3440,3440,3440,3440,3440,3440,3440,3440,3440,3637,3637,3637
3,3,3,3,3,3,3,3,3,3,3425,3425,3425,3425,3425,3425,3425,3425,3425,3425,3425,3425,3425,3425,3611,3611,3611,3611,3611,3611,3611,3611,3611,3611,3611,3611,3611,3611,1168,1168,1168,1168,1168,1168,1168,1168,1168,1168,1168,1168,1168,40,40,40,40,40,40,40,40,40,40,40,40,40,40,2030,2030,2030,2030,2030,2030,2030,2030,2030,2030,2030,2030,2030,2030,3964,3964,3964,3964,3964,3964,3964,3964,3964,3964,3964
3,3,4,4,4,4,4,4,4,4,4,4,4,4,4,3916,3916,3916,3916,3916,3916,3916,3916,3916,3916,3916,3916,3916,3916,2849,2849,2849,2849,2849,2849,2849,2849,2849,2849,2849,2849,2849,2849,373,373,373,373,373,373,373,373,373,373,373,373,373,373,536,536,536,536,536,536,536,536,536,536,536,536,536,2980,2980,2980,2980,2980,2980,2980,2980,2980,2980,2980,2980,2980,2980,3870,3870,3870,3870,3870,3870
3,3,3,3,3,3,3,3,3,3,3,3,3,3,3,3853,3853,3853,3853,3853,3853,3853,3853,3853,3853,3853,3853,3853,3023,3023,3023,3023,3023,3023,3023,3023,3023,3023,3023,3023,3023,3023,490,490,490,490,490,490,490,490,490,490,490,490,490,490,444,444,444,444,444,444,444,444,444,444,444,444,444,444,2863,2863,2863,2863,2863,2863,2863,2863,2863,2863,2863,2863,2863,3930,3930,3930,3930,3930,3930,3930
2,2,2,2,2,2,2,2,2,2,2,2,2,3771,3771,3771,3771,3771,3771,3771,3771,3771,3771,3771,3771,3771,3771,3190,3190,3190,3190,3190,3190,3190,3190,3190,3190,3190,3190,3190,3190,629,629,629,629,629,629,629,629,629,629,629,629,629,629,322,322,322,322,322,322,322,322,322,322,322,322,322,322,2656,2656,2656,2656,2656,2656,2656,2656,2656,2656,2656,2656,2656,3967,3967,3967,3967,3967,3967,3967,3967
4,4,4,4,4,4,4,4,4,4,3430,3426,3426,3426,3426,3426,3426,3426,3426,3426,3426,3426,3426,3426,3607,3607,3607,3607,3607,3607,3607,3607,3607,3607,3607,3607,3607,3607,1117,1117,1117,1117,1117,1117,1117,1117,1117,1117,1117,1117,1117,1117,81,81,81,81,81,81,81,81,81,81,81,81,81,81,2099,2099,2099,2099,2099,2099,2099,2099,2099,2099,2099,2099,2099,3964,3964,3964,3964,3964,3964,3964,3964,3964,3964,3964
3,3,3,3,3,3,3,3,3082,3082,3082,3082,3082,3082,3082,3082,3082,3082,3082,3082,3082,3883,3883,3883,3883,3883,3883,3883,3883,3883,3883,3883,3883,3883,3883,1682,1682,1682,1682,1682,1682,1682,1682,1682,1682,1682,1682,1682,1682,7,7,7,7,7,7,7,7,7,7,7,7,7,7,1622,1622,1622,1622,1622,1622,1622,1622,1622,1622,1622,1622,1622,1622,3817,3817,3817,3817,3817,3817,3817,3817,3817,3817,3817,3817,3817
3,3,3,3,3,3,3,3,3,3,3294,3294,3294,3294,3294,3294,3294,3294,3294,3294,3294,3294,3294,3715,3715,3715,3715,3715,3715,3715,3715,3715,3715,3715,3715,3715,3715,1296,1296,1296,1296,1296,1296,1296,1296,1296,1296,1296,1296,1296,1296,17,17,17,17,17,17,17,17,17,17,17,17,17,17,1952,1952,1952,1952,1952,1952,1952,1952,1952,1952,1952,1952,1952,3926,3926,3926,3926,3926,3926,3926,3926,3926,3926,3926,3926
2,2,2,2,2,2584,2584,2584,2584,2584,2584,2584,2584,2584,2584,2584,2584,2584,2584,3971,3971,3971,3971,3971,3971,3971,3971,3971,3971,3971,3971,3971,3971,2080,2080,2080,2080,2080,2080,2080,2080,2080,2080,2080,2080,2080,2080,53,53,53,53,53,53,53,53,53,53,53,53,53,53,1119,1119,1119,1119,1119,1119,1119,1119,1119,1119,1119,1119,1119,3577,3577,3577,3577,3577,3577,3577,3577,3577,3577,3577,3577,3577,3577,3460,3460
2,2,2,2,2,2,2,2,2,2,2,3427,3427,3427,3427,3427,3427,3427,3427,3427,3427,3427,3427,3427,3607,3607,3607,3607,3607,3607,3607,3607,3607,3607,3607,3607,3607,3607,1116,1116,1116,1116,1116,1116,1116,1116,1116,1116,1116,1116,1116,1116,82,82,82,82,82,82,82,82,82,82,82,82,82,82,2102,2102,2102,2102,2102,2102,2102,2102,2102,2102,2102,2102,2102,3964,3964,3964,3964,3964,3964,3964,3964,3964,3964,3964
0,3,3,3,3,3,3,3,3,3,3,3,3,3,3,3912,3912,3912,3912,3912,3912,3912,3912,3912,3912,3912,3912,3912,3912,2846,2846,2846,2846,2846,2846,2846,2846,2846,2846,2846,2846,2846,2846,382,382,382,382,382,382,382,382,382,382,382,382,382,382,495,495,495,495,495,495,495,495,495,495,495,495,495,2980,2980,2980,2980,2980,2980,2980,2980,2980,2980,2980,2980,2980,2980,3870,3870,3870,3870,3870,3870
3,3,3,3,3,3,3,3,3,3,3,3,3673,3673,3673,3673,3673,3673,3673,3673,3673,3673,3673,3673,3673,3673,3342,3342,3342,3342,3342,3342,3342,3342,3342,3342,3342,3342,3342,3342,779,779,779,779,779,779,779,779,779,779,779,779,779,779,224,224,224,224,224,224,224,224,224,224,224,224,224,224,2455,2455,2455,2455,2455,2455,2455,2455,2455,2455,2455,2455,2455,3987,3987,3987,3987,3987,3987,3987,3987,3987
3,3,3,3,3,3,2771,2771,2771,2771,2771,2771,2771,2771,2771,2771,2771,2771,2771,2771,3941,3941,3941,3941,3941,3941,3941,3941,3941,3941,3941,3941,3941,3941,2020,2020,2020,2020,2020,2020,2020,2020,2020,2020,2020,2020,2020,47,47,47,47,47,47,47,47,47,47,47,47,47,47,1250,1250,1250,1250,1250,1250,1250,1250,1250,1250,1250,1250,1250,1250,3688,3688,3688,3688,3688,3688,3688,3688,3688,3688,3688,3688,3688,3688,3357
3,3,3,3,3,3,3,3,3,3,3,3557,3557,3557,3557,3557,3557,3557,3557,3557,3557,3557,3557,3557,3557,3484,3484,3484,3484,3484,3484,3484,3484,3484,3484,3484,3484,3484,3484,962,962,962,962,962,962,962,962,962,962,962,962,962,962,102,102,102,102,102,102,102,102,102,102,102,102,102,2228,2228,2228,2228,2228,2228,2228,2228,2228,2228,2228,2228,2228,2228,3984,3984,3984,3984,3984,3984,3984,3984,3984,3984
3,3,3,3,3,3,3,3,3,3,3408,3408,3408,3408,3408,3408,3408,3408,3408,3408,3408,3408,3408,3408,3694,3694,3694,3694,3694,3694,3694,3694,3694,3694,3694,3694,3694,1296,1296,1296,1296,1296,1296,1296,1296,1296,1296,1296,1296,1296,1296,64,64,64,64,64,64,64,64,64,64,64,64,64,64,2023,2023,2023,2023,2023,2023,2023,2023,2023,2023,2023,2023,2023,2023,3954,3954,3954,3954,3954,3954,3954,3954,3954,3954,3954
2,2,2,2,2235,2235,2235,2235,2235,2235,2235,2235,2235,2235,2235,2235,2235,3984,3984,3984,3984,3984,3984,3984,3984,3984,3984,3984,3984,3984,3984,2473,2473,2473,2473,2473,2473,2473,2473,2473,2473,2473,2473,2473,2473,172,172,172,172,172,172,172,172,172,172,172,172,172,172,879,879,879,879,879,879,879,879,879,879,879,879,879,879,3334,3334,3334,3334,3334,3334,3334,3334,3334,3334,3334,3334,3334,3698,3698,3698,3698
2,2,2,2,2,2,2,2,2,2,2,2,2,3769,3769,3769,3769,3769,3769,3769,3769,3769,3769,3769,3769,3769,3769,3224,3224,3224,3224,3224,3224,3224,3224,3224,3224,3224,3224,3224,3224,752,752,752,752,752,752,752,752,752,752,752,752,752,244,244,244,244,244,244,244,244,244,244,244,244,244,244,2610,2610,2610,2610,2610,2610,2610,2610,2610,2610,2610,2610,2610,2610,3968,3968,3968,3968,3968,3968,3968,3968
3,3,3,3,3,3,3,3,3,3,3,3,3673,3673,3673,3673,3673,3673,3673,3673,3673,3673,3673,3673,3673,3673,3343,3343,3343,3343,3343,3343,3343,3343,3343,3343,3343,3343,3343,3343,782,782,782,782,782,782,782,782,782,782,782,782,782,782,215,215,215,215,215,215,215,215,215,215,215,215,215,215,2424,2424,2424,2424,2424,2424,2424,2424,2424,2424,2424,2424,2424,3986,3986,3986,3986,3986,3986,3986,3986,3986
4,4,4,4,4,2391,2391,2391,2391,2391,2391,2391,2391,2391,2391,2391,2391,2391,3987,3987,3987,3987,3987,3987,3987,3987,3987,3987,3987,3987,3987,3987,2278,2278,2278,2278,2278,2278,2278,2278,2278,2278,2278,2278,2278,2278,103,103,103,103,103,103,103,103,103,103,103,103,103,103,999,999,999,999,999,999,999,999,999,999,999,999,999,3448,3448,3448,3448,3448,3448,3448,3448,3448,3448,3448,3448,3448,3448,3587,3587,3587
7,0,0,0,0,0,0,0,0,0,0,0,0,0,0,3853,3853,3853,3853,3853,3853,3853,3853,3853,3853,3853,3853,3853,3023,3023,3023,3023,3023,3023,3023,3023,3023,3023,3023,3023,3023,3023,490,490,490,490,490,490,490,490,490,490,490,490,490,490,447,447,447,447,447,447,447,447,447,447,447,447,447,447,2907,2907,2907,2907,2907,2907,2907,2907,2907,2907,2907,2907,2907,3930,3930,3930,3930,3930,3930,3930
4,4,4,4,4,4,4,4,4,3276,3276,3276,3276,3276,3276,3276,3276,3276,3276,3276,3276,3276,3276,3732,3732,3732,3732,3732,3732,3732,3732,3732,3732,3732,3732,3732,3732,1480,1480,1480,1480,1480,1480,1480,1480,1480,1480,1480,1480,1480,5,5,5,5,5,5,5,5,5,5,5,5,5,5,1829,1829,1829,1829,1829,1829,1829,1829,1829,1829,1829,1829,1829,1829,3922,3922,3922,3922,3922,3922,3922,3922,3922,3922,3922,3922
3,3,8,8,8,8,8,8,8,8,8,8,8,8,8,3917,3917,3917,3917,3917,3917,3917,3917,3917,3917,3917,3917,3917,3917,2849,2849,2849,2849,2849,2849,2849,2849,2849,2849,2849,2849,2849,2849,370,370,370,370,370,370,370,370,370,370,370,370,370,370,558,558,558,558,558,558,558,558,558,558,558,558,558,558,2981,2981,2981,2981,2981,2981,2981,2981,2981,2981,2981,2981,2981,3871,3871,3871,3871,3871,3871
4,4,4,4,4,2560,2560,2560,2560,2560,2560,2560,2560,2560,2560,2560,2560,2560,2560,3986,3986,3986,3986,3986,3986,3986,3986,3986,3986,3986,3986,3986,2277,2277,2277,2277,2277,2277,2277,2277,2277,2277,2277,2277,2277,2277,99,99,99,99,99,99,99,99,99,99,99,99,99,99,1064,1064,1064,1064,1064,1064,1064,1064,1064,1064,1064,1064,1064,1064,3519,3519,3519,3519,3519,3519,3519,3519,3519,3519,3519,3519,3519,3587,3587,3587
3,3,3,3,3,3,3,3,3,3278,3278,3278,3278,3278,3278,3278,3278,3278,3278,3278,3278,3278,3278,3724,3724,3724,3724,3724,3724,3724,3724,3724,3724,3724,3724,3724,3724,1408,1408,1408,1408,1408,1408,1408,1408,1408,1408,1408,1408,1408,1,1,1,1,1,1,1,1,1,1,1,1,1,1,1831,1831,1831,1831,1831,1831,1831,1831,1831,1831,1831,1831,1831,1831,3927,3927,3927,3927,3927,3927,3927,3927,3927,3927,3927,3927
3,3,3,3,3,3,3,3,3094,3094,3094,3094,3094,3094,3094,3094,3094,3094,3094,3094,3094,3094,3877,3877,3877,3877,3877,3877,3877,3877,3877,3877,3877,3877,3877,1684,1684,1684,1684,1684,1684,1684,1684,1684,1684,1684,1684,1684,1684,8,8,8,8,8,8,8,8,8,8,8,8,8,8,1627,1627,1627,1627,1627,1627,1627,1627,1627,1627,1627,1627,1627,1627,3834,3834,3834,3834,3834,3834,3834,3834,3834,3834,3834,3834,3834
3,3,3,3,3,3,3,3,3,3,3,3,3657,3657,3657,3657,3657,3657,3657,3657,3657,3657,3657,3657,3657,3657,3453,3453,3453,3453,3453,3453,3453,3453,3453,3453,3453,3453,3453,934,934,934,934,934,934,934,934,934,934,934,934,934,934,141,141,141,141,141,141,141,141,141,141,141,141,141,141,2421,2421,2421,2421,2421,2421,2421,2421,2421,2421,2421,2421,2421,2421,3987,3987,3987,3987,3987,3987,3987,3987,3987
3,3,3,3,3,3,3,3,3,3,3,3,3672,3672,3672,3672,3672,3672,3672,3672,3672,3672,3672,3672,3672,3672,3347,3347,3347,3347,3347,3347,3347,3347,3347,3347,3347,3347,3347,3347,819,819,819,819,819,819,819,819,819,819,819,819,819,819,149,149,149,149,149,149,149,149,149,149,149,149,149,2424,2424,2424,2424,2424,2424,2424,2424,2424,2424,2424,2424,2424,2424,3987,3987,3987,3987,3987,3987,3987,3987,3987
3,3,3,3,3,3,3,2947,2947,2947,2947,2947,2947,2947,2947,2947,2947,2947,2947,2947,2947,3890,3890,3890,3890,3890,3890,3890,3890,3890,3890,3890,3890,3890,3890,1748,1748,1748,1748,1748,1748,1748,1748,1748,1748,1748,1748,1748,1748,16,16,16,16,16,16,16,16,16,16,16,16,16,1438,1438,1438,1438,1438,1438,1438,1438,1438,1438,1438,1438,1438,1438,3785,3785,3785,3785,3785,3785,3785,3785,3785,3785,3785,3785,3785,3785
3,3,3,3,3,3,3,3,3,3,3,3,3593,3593,3593,3593,3593,3593,3593,3593,3593,3593,3593,3593,3593,3482,3482,3482,3482,3482,3482,3482,3482,3482,3482,3482,3482,3482,3482,941,941,941,941,941,941,941,941,941,941,941,941,941,941,148,148,148,148,148,148,148,148,148,148,148,148,148,148,2397,2397,2397,2397,2397,2397,2397,2397,2397,2397,2397,2397,2397,2397,3986,3986,3986,3986,3986,3986,3986,3986,3986
3,3,3,3,3,3,3,3,3,3,3,3,3672,3672,3672,3672,3672,3672,3672,3672,3672,3672,3672,3672,3672,3672,3343,3343,3343,3343,3343,3343,3343,3343,3343,3343,3343,3343,3343,3343,786,786,786,786,786,786,786,786,786,786,786,786,786,786,203,203,203,203,203,203,203,203,203,203,203,203,203,2424,2424,2424,2424,2424,2424,2424,2424,2424,2424,2424,2424,2424,2424,3987,3987,3987,3987,3987,3987,3987,3987,3987
3,3,3,3,3,3,3,2951,2951,2951,2951,2951,2951,2951,2951,2951,2951,2951,2951,2951,2951,3883,3883,3883,3883,3883,3883,3883,3883,3883,3883,3883,3883,3883,3883,1685,1685,1685,1685,1685,1685,1685,1685,1685,1685,1685,1685,1685,1685,10,10,10,10,10,10,10,10,10,10,10,10,10,10,1438,1438,1438,1438,1438,1438,1438,1438,1438,1438,1438,1438,1438,3786,3786,3786,3786,3786,3786,3786,3786,3786,3786,3786,3786,3786,3786
4,4,4,4,4,4,2770,2770,2770,2770,2770,2770,2770,2770,2770,2770,2770,2770,2770,2770,3940,3940,3940,3940,3940,3940,3940,3940,3940,3940,3940,3940,3940,3940,1977,1977,1977,1977,1977,1977,1977,1977,1977,1977,1977,1977,1977,47,47,47,47,47,47,47,47,47,47,47,47,47,47,1250,1250,1250,1250,1250,1250,1250,1250,1250,1250,1250,1250,1250,1250,3688,3688,3688,3688,3688,3688,3688,3688,3688,3688,3688,3688,3688,3688,3346
1,1,1,2011,2011,2011,2011,2011,2011,2011,2011,2011,2011,2011,2011,2011,3959,3959,3959,3959,3959,3959,3959,3959,3959,3959,3959,3959,3959,3959,2664,2664,2664,2664,2664,2664,2664,2664,2664,2664,2664,2664,2664,2664,263,263,263,263,263,263,263,263,263,263,263,263,263,263,704,704,704,704,704,704,704,704,704,704,704,704,704,704,3147,3147,3147,3147,3147,3147,3147,3147,3147,3147,3147,3147,3147,3793,3793,3793,3793,3793
0,0,0,0,0,0,0,0,3097,3097,3097,3097,3097,3097,3097,3097,3097,3097,3097,3097,3097,3097,3881,3881,3881,3881,3881,3881,3881,3881,3881,3881,3881,3881,3881,1681,1681,1681,1681,1681,1681,1681,1681,1681,1681,1681,1681,1681,1681,7,7,7,7,7,7,7,7,7,7,7,7,7,7,1624,1624,1624,1624,1624,1624,1624,1624,1624,1624,1624,1624,1624,1624,3822,3822,3822,3822,3822,3822,3822,3822,3822,3822,3822,3822,3822
3,3,3,3,3,2443,2443,2443,2443,2443,2443,2443,2443,2443,2443,2443,2443,2443,3987,3987,3987,3987,3987,3987,3987,3987,3987,3987,3987,3987,3987,3987,2278,2278,2278,2278,2278,2278,2278,2278,2278,2278,2278,2278,2278,2278,103,103,103,103,103,103,103,103,103,103,103,103,103,103,1025,1025,1025,1025,1025,1025,1025,1025,1025,1025,1025,1025,1025,3448,3448,3448,3448,3448,3448,3448,3448,3448,3448,3448,3448,3448,3448,3587,3587,3587
3,3,3,3,3,3,2773,2773,2773,2773,2773,2773,2773,2773,2773,2773,2773,2773,2773,2773,3942,3942,3942,3942,3942,3942,3942,3942,3942,3942,3942,3942,3942,3942,1900,1900,1900,1900,1900,1900,1900,1900,1900,1900,1900,1900,1900,1900,38,38,38,38,38,38,38,38,38,38,38,38,38,1251,1251,1251,1251,1251,1251,1251,1251,1251,1251,1251,1251,1251,1251,3691,3691,3691,3691,3691,3691,3691,3691,3691,3691,3691,3691,3691,3691,3321
3,3,3,3,3,3,3,3,3,3,3,3,3,3763,3763,3763,3763,3763,3763,3763,3763,3763,3763,3763,3763,3763,3763,3272,3272,3272,3272,3272,3272,3272,3272,3272,3272,3272,3272,3272,777,777,777,777,777,777,777,777,777,777,777,777,777,777,235,235,235,235,235,235,235,235,235,235,235,235,235,235,2615,2615,2615,2615,2615,2615,2615,2615,2615,2615,2615,2615,2615,2615,3971,3971,3971,3971,3971,3971,3971,3971
3,3,3,3,3,3,3,3,3,3,3,3,3,3763,3763,3763,3763,3763,3763,3763,3763,3763,3763,3763,3763,3763,3763,3273,3273,3273,3273,3273,3273,3273,3273,3273,3273,3273,3273,3273,776,776,776,776,776,776,776,776,776,776,776,776,776,776,234,234,234,234,234,234,234,234,234,234,234,234,234,234,2615,2615,2615,2615,2615,2615,2615,2615,2615,2615,2615,2615,2615,2615,3971,3971,3971,3971,3971,3971,3971,3971
3,3,3,3,2391,2391,2391,2391,2391,2391,2391,2391,2391,2391,2391,2391,2391,2391,3987,3987,3987,3987,3987,3987,3987,3987,3987,3987,3987,3987,3987,3987,2295,2295,2295,2295,2295,2295,2295,2295,2295,2295,2295,2295,2295,2295,138,138,138,138,138,138,138,138,138,138,138,138,138,901,901,901,901,901,901,901,901,901,901,901,901,901,901,3448,3448,3448,3448,3448,3448,3448,3448,3448,3448,3448,3448,3448,3448,3594,3594,3594
3,3,3,2183,2183,2183,2183,2183,2183,2183,2183,2183,2183,2183,2183,2183,2183,3970,3970,3970,3970,3970,3970,3970,3970,3970,3970,3970,3970,3970,2663,2663,2663,2663,2663,2663,2663,2663,2663,2663,2663,2663,2663,2663,259,259,259,259,259,259,259,259,259,259,259,259,259,259,736,736,736,736,736,736,736,736,736,736,736,736,736,736,3287,3287,3287,3287,3287,3287,3287,3287,3287,3287,3287,3287,3287,3287,3771,3771,3771,3771
3,3,3,3,3,3,3,3,3,3,3,3542,3542,3542,3542,3542,3542,3542,3542,3542,3542,3542,3542,3542,3542,3568,3568,3568,3568,3568,3568,3568,3568,3568,3568,3568,3568,3568,1115,1115,1115,1115,1115,1115,1115,1115,1115,1115,1115,1115,1115,1115,84,84,84,84,84,84,84,84,84,84,84,84,84,84,2225,2225,2225,2225,2225,2225,2225,2225,2225,2225,2225,2225,2225,2225,3982,3982,3982,3982,3982,3982,3982,3982,3982,3982
3,3,3,3,3,3,3,3,3,3,3,3,3,3771,3771,3771,3771,3771,3771,3771,3771,3771,3771,3771,3771,3771,3771,3188,3188,3188,3188,3188,3188,3188,3188,3188,3188,3188,3188,3188,3188,627,627,627,627,627,627,627,627,627,627,627,627,627,627,327,327,327,327,327,327,327,327,327,327,327,327,327,327,2695,2695,2695,2695,2695,2695,2695,2695,2695,2695,2695,2695,2695,3968,3968,3968,3968,3968,3968,3968,3968
4,4,4,4,4,4,4,4,4,4,4,4,4,3744,3744,3744,3744,3744,3744,3744,3744,3744,3744,3744,3744,3744,3339,3339,3339,3339,3339,3339,3339,3339,3339,3339,3339,3339,3339,3339,777,777,777,777,777,777,777,777,777,777,777,777,777,777,234,234,234,234,234,234,234,234,234,234,234,234,234,234,2605,2605,2605,2605,2605,2605,2605,2605,2605,2605,2605,2605,2605,2605,3979,3979,3979,3979,3979,3979,3979,3979
3,3,3,3,3,3,3,3,3,3,3,3479,3479,3479,3479,3479,3479,3479,3479,3479,3479,3479,3479,3479,3607,3607,3607,3607,3607,3607,3607,3607,3607,3607,3607,3607,3607,3607,1116,1116,1116,1116,1116,1116,1116,1116,1116,1116,1116,1116,1116,1116,84,84,84,84,84,84,84,84,84,84,84,84,84,84,2209,2209,2209,2209,2209,2209,2209,2209,2209,2209,2209,2209,2209,2209,3969,3969,3969,3969,3969,3969,3969,3969,3969,3969
3,3,1762,1762,1762,1762,1762,1762,1762,1762,1762,1762,1762,1762,1762,1762,3953,3953,3953,3953,3953,3953,3953,3953,3953,3953,3953,3953,3953,3953,2824,2824,2824,2824,2824,2824,2824,2824,2824,2824,2824,2824,2824,365,365,365,365,365,365,365,365,365,365,365,365,365,365,588,588,588,588,588,588,588,588,588,588,588,588,588,588,3143,3143,3143,3143,3143,3143,3143,3143,3143,3143,3143,3143,3143,3143,3826,3826,3826,3826,3826
2,2,2,2,2,2,2,2,2,2,2,2,2,3762,3762,3762,3762,3762,3762,3762,3762,3762,3762,3762,3762,3762,3762,3282,3282,3282,3282,3282,3282,3282,3282,3282,3282,3282,3282,3282,776,776,776,776,776,776,776,776,776,776,776,776,776,776,234,234,234,234,234,234,234,234,234,234,234,234,234,234,2614,2614,2614,2614,2614,2614,2614,2614,2614,2614,2614,2614,2614,2614,3969,3969,3969,3969,3969,3969,3969,3969
3,3,3,3,3,3,3,3,3121,3121,3121,3121,3121,3121,3121,3121,3121,3121,3121,3121,3121,3121,3811,3811,3811,3811,3811,3811,3811,3811,3811,3811,3811,3811,3811,3811,1507,1507,1507,1507,1507,1507,1507,1507,1507,1507,1507,1507,1507,1507,5,5,5,5,5,5,5,5,5,5,5,5,5,1632,1632,1632,1632,1632,1632,1632,1632,1632,1632,1632,1632,1632,1632,3864,3864,3864,3864,3864,3864,3864,3864,3864,3864,3864,3864,3864
3,3,3,3,3,3,3,3,3121,3121,3121,3121,3121,3121,3121,3121,3121,3121,3121,3121,3121,3121,3809,3809,3809,3809,3809,3809,3809,3809,3809,3809,3809,3809,3809,3809,1494,1494,1494,1494,1494,1494,1494,1494,1494,1494,1494,1494,1494,1494,4,4,4,4,4,4,4,4,4,4,4,4,4,1633,1633,1633,1633,1633,1633,1633,1633,1633,1633,1633,1633,1633,1633,3865,3865,3865,3865,3865,3865,3865,3865,3865,3865,3865,3865,3865
3,3,3,3,3,3,3,3,3,3,3429,3429,3429,3429,3429,3429,3429,3429,3429,3429,3429,3429,3429,3429,3626,3626,3626,3626,3626,3626,3626,3626,3626,3626,3626,3626,3626,3626,1257,1257,1257,1257,1257,1257,1257,1257,1257,1257,1257,1257,1257,44,44,44,44,44,44,44,44,44,44,44,44,44,44,2029,2029,2029,2029,2029,2029,2029,2029,2029,2029,2029,2029,2029,2029,3963,3963,3963,3963,3963,3963,3963,3963,3963,3963,3963
2,2,2,2,2,2,2,2,2,2,2,2,2,3768,3768,3768,3768,3768,3768,3768,3768,3768,3768,3768,3768,3768,3768,3214,3214,3214,3214,3214,3214,3214,3214,3214,3214,3214,3214,3214,3214,742,742,742,742,742,742,742,742,742,742,742,742,742,232,232,232,232,232,232,232,232,232,232,232,232,232,232,2610,2610,2610,2610,2610,2610,2610,2610,2610,2610,2610,2610,2610,2610,3970,3970,3970,3970,3970,3970,3970,3970
2,2,2,2,2,2,2,2,2,2,2,2,2,2,3841,3841,3841,3841,3841,3841,3841,3841,3841,3841,3841,3841,3841,3841,3162,3162,3162,3162,3162,3162,3162,3162,3162,3162,3162,3162,3162,625,625,625,625,625,625,625,625,625,625,625,625,625,625,336,336,336,336,336,336,336,336,336,336,336,336,336,336,2797,2797,2797,2797,2797,2797,2797,2797,2797,2797,2797,2797,2797,2797,3941,3941,3941,3941,3941,3941,3941
3,3,3,3,3,3,3,3,3,3,3,3,3,3,3851,3851,3851,3851,3851,3851,3851,3851,3851,3851,3851,3851,3851,3851,3063,3063,3063,3063,3063,3063,3063,3063,3063,3063,3063,3063,3063,3063,625,625,625,625,625,625,625,625,625,625,625,625,625,337,337,337,337,337,337,337,337,337,337,337,337,337,337,2801,2801,2801,2801,2801,2801,2801,2801,2801,2801,2801,2801,2801,2801,3933,3933,3933,3933,3933,3933,3933
2,2,2,2,2,2,2771,2771,2771,2771,2771,2771,2771,2771,2771,2771,2771,2771,2771,2771,3938,3938,3938,3938,3938,3938,3938,3938,3938,3938,3938,3938,3938,3938,1900,1900,1900,1900,1900,1900,1900,1900,1900,1900,1900,1900,1900,1900,38,38,38,38,38,38,38,38,38,38,38,38,38,1251,1251,1251,1251,1251,1251,1251,1251,1251,1251,1251,1251,1251,1251,3690,3690,3690,3690,3690,3690,3690,3690,3690,3690,3690,3690,3690,3690,3321
3,3,1985,1985,1985,1985,1985,1985,1985,1985,1985,1985,1985,1985,1985,1985,3959,3959,3959,3959,3959,3959,3959,3959,3959,3959,3959,3959,3959,3959,2678,2678,2678,2678,2678,2678,2678,2678,2678,2678,2678,2678,2678,2678,310,310,310,310,310,310,310,310,310,310,310,310,310,590,590,590,590,590,590,590,590,590,590,590,590,590,590,3148,3148,3148,3148,3148,3148,3148,3148,3148,3148,3148,3148,3148,3148,3796,3796,3796,3796,3796
3,3,3,3,3,2585,2585,2585,2585,2585,2585,2585,2585,2585,2585,2585,2585,2585,2585,3972,3972,3972,3972,3972,3972,3972,3972,3972,3972,3972,3972,3972,3972,2080,2080,2080,2080,2080,2080,2080,2080,2080,2080,2080,2080,2080,2080,55,55,55,55,55,55,55,55,55,55,55,55,55,55,1094,1094,1094,1094,1094,1094,1094,1094,1094,1094,1094,1094,1094,3576,3576,3576,3576,3576,3576,3576,3576,3576,3576,3576,3576,3576,3576,3461,3461
3,3,1681,1681,1681,1681,1681,1681,1681,1681,1681,1681,1681,1681,1681,1681,3952,3952,3952,3952,3952,3952,3952,3952,3952,3952,3952,3952,3952,3952,2844,2844,2844,2844,2844,2844,2844,2844,2844,2844,2844,2844,2844,365,365,365,365,365,365,365,365,365,365,365,365,365,365,589,589,589,589,589,589,589,589,589,589,589,589,589,589,3142,3142,3142,3142,3142,3142,3142,3142,3142,3142,3142,3142,3142,3142,3828,3828,3828,3828,3828
3,3,3,3,3,2513,2513,2513,2513,2513,2513,2513,2513,2513,2513,2513,2513,2513,3988,3988,3988,3988,3988,3988,3988,3988,3988,3988,3988,3988,3988,3988,2278,2278,2278,2278,2278,2278,2278,2278,2278,2278,2278,2278,2278,2278,99,99,99,99,99,99,99,99,99,99,99,99,99,99,1061,1061,1061,1061,1061,1061,1061,1061,1061,1061,1061,1061,1061,1061,3512,3512,3512,3512,3512,3512,3512,3512,3512,3512,3512,3512,3512,3588,3588,3588
3,3,3,3,3,2581,2581,2581,2581,2581,2581,2581,2581,2581,2581,2581,2581,2581,2581,3974,3974,3974,3974,3974,3974,3974,3974,3974,3974,3974,3974,3974,3974,2255,2255,2255,2255,2255,2255,2255,2255,2255,2255,2255,2255,2255,98,98,98,98,98,98,98,98,98,98,98,98,98,98,1070,1070,1070,1070,1070,1070,1070,1070,1070,1070,1070,1070,1070,1070,3571,3571,3571,3571,3571,3571,3571,3571,3571,3571,3571,3571,3571,3571,3497,3497
3,3,3,3,3,3,3,3,3,3,3,3,3,3771,3771,3771,3771,3771,3771,3771,3771,3771,3771,3771,3771,3771,3771,3193,3193,3193,3193,3193,3193,3193,3193,3193,3193,3193,3193,3193,3193,645,645,645,645,645,645,645,645,645,645,645,645,645,645,267,267,267,267,267,267,267,267,267,267,267,267,267,2616,2616,2616,2616,2616,2616,2616,2616,2616,2616,2616,2616,2616,2616,3968,3968,3968,3968,3968,3968,3968,3968
3,3,3,3,3,3,3,3,3,3,3,3,3,3,3850,3850,3850,3850,3850,3850,3850,3850,3850,3850,3850,3850,3850,3850,3058,3058,3058,3058,3058,3058,3058,3058,3058,3058,3058,3058,3058,3058,616,616,616,616,616,616,616,616,616,616,616,616,616,337,337,337,337,337,337,337,337,337,337,337,337,337,337,2802,2802,2802,2802,2802,2802,2802,2802,2802,2802,2802,2802,2802,2802,3931,3931,3931,3931,3931,3931,3931
3,3,3,2196,2196,2196,2196,2196,2196,2196,2196,2196,2196,2196,2196,2196,2196,3980,3980,3980,3980,3980,3980,3980,3980,3980,3980,3980,3980,3980,3980,2593,2593,2593,2593,2593,2593,2593,2593,2593,2593,2593,2593,2593,257,257,257,257,257,257,257,257,257,257,257,257,257,257,737,737,737,737,737,737,737,737,737,737,737,737,737,737,3303,3303,3303,3303,3303,3303,3303,3303,3303,3303,3303,3303,3303,3303,3712,3712,3712,3712
2,2,2,2,2,2,2,2,2,2,2,3556,3556,3556,3556,3556,3556,3556,3556,3556,3556,3556,3556,3556,3556,3486,3486,3486,3486,3486,3486,3486,3486,3486,3486,3486,3486,3486,3486,982,982,982,982,982,982,982,982,982,982,982,982,982,982,83,83,83,83,83,83,83,83,83,83,83,83,83,2228,2228,2228,2228,2228,2228,2228,2228,2228,2228,2228,2228,2228,2228,3986,3986,3986,3986,3986,3986,3986,3986,3986,3986
2,2,2,2,2,2,2,2,2,2,3424,3424,3424,3424,3424,3424,3424,3424,3424,3424,3424,3424,3424,3424,3622,3622,3622,3622,3622,3622,3622,3622,3622,3622,3622,3622,3622,3622,1263,1263,1263,1263,1263,1263,1263,1263,1263,1263,1263,1263,1263,44,44,44,44,44,44,44,44,44,44,44,44,44,44,2029,2029,2029,2029,2029,2029,2029,2029,2029,2029,2029,2029,2029,2029,3962,3962,3962,3962,3962,3962,3962,3962,3962,3962,3962
3,3,3,3,3,3,3,3,3,3,3,3,3,3772,3772,3772,3772,3772,3772,3772,3772,3772,3772,3772,3772,3772,3772,3189,3189,3189,3189,3189,3189,3189,3189,3189,3189,3189,3189,3189,3189,629,629,629,629,629,629,629,629,629,629,629,629,629,629,324,324,324,324,324,324,324,324,324,324,324,324,324,324,2653,2653,2653,2653,2653,2653,2653,2653,2653,2653,2653,2653,2653,3967,3967,3967,3967,3967,3967,3967,3967
2,2,2,2,2,2,2,2,2,3279,3279,3279,3279,3279,3279,3279,3279,3279,3279,3279,3279,3279,3279,3717,3717,3717,3717,3717,3717,3717,3717,3717,3717,3717,3717,3717,3717,1315,1315,1315,1315,1315,1315,1315,1315,1315,1315,1315,1315,1315,1315,6,6,6,6,6,6,6,6,6,6,6,6,6,1830,1830,1830,1830,1830,1830,1830,1830,1830,1830,1830,1830,1830,1830,3925,3925,3925,3925,3925,3925,3925,3925,3925,3925,3925,3925
2,2,2,2,2,2,2,2,2,2,2,3437,3437,3437,3437,3437,3437,3437,3437,3437,3437,3437,3437,3437,3607,3607,3607,3607,3607,3607,3607,3607,3607,3607,3607,3607,3607,3607,1115,1115,1115,1115,1115,1115,1115,1115,1115,1115,1115,1115,1115,1115,84,84,84,84,84,84,84,84,84,84,84,84,84,84,2182,2182,2182,2182,2182,2182,2182,2182,2182,2182,2182,2182,2182,2182,3965,3965,3965,3965,3965,3965,3965,3965,3965,3965
3,3,3,3,3,3,3,3,3107,3107,3107,3107,3107,3107,3107,3107,3107,3107,3107,3107,3107,3107,3864,3864,3864,3864,3864,3864,3864,3864,3864,3864,3864,3864,3864,1682,1682,1682,1682,1682,1682,1682,1682,1682,1682,1682,1682,1682,1682,7,7,7,7,7,7,7,7,7,7,7,7,7,7,1630,1630,1630,1630,1630,1630,1630,1630,1630,1630,1630,1630,1630,1630,3843,3843,3843,3843,3843,3843,3843,3843,3843,3843,3843,3843,3843
5,5,374,374,374,374,374,374,374,374,374,374,374,374,374,3916,3916,3916,3916,3916,3916,3916,3916,3916,3916,3916,3916,3916,3916,2847,2847,2847,2847,2847,2847,2847,2847,2847,2847,2847,2847,2847,2847,367,367,367,367,367,367,367,367,367,367,367,367,367,367,578,578,578,578,578,578,578,578,578,578,578,578,578,578,3044,3044,3044,3044,3044,3044,3044,3044,3044,3044,3044,3044,3044,3870,3870,3870,3870,3870,3870
2,2,2,2,2,2,2,2,2,3279,3279,3279,3279,3279,3279,3279,3279,3279,3279,3279,3279,3279,3279,3719,3719,3719,3719,3719,3719,3719,3719,3719,3719,3719,3719,3719,3719,1338,1338,1338,1338,1338,1338,1338,1338,1338,1338,1338,1338,1338,1338,7,7,7,7,7,7,7,7,7,7,7,7,7,1829,1829,1829,1829,1829,1829,1829,1829,1829,1829,1829,1829,1829,1829,3925,3925,3925,3925,3925,3925,3925,3925,3925,3925,3925,3925
4,3,3,3,3,3,3,3,3,3,3,3,3,3,3,3867,3867,3867,3867,3867,3867,3867,3867,3867,3867,3867,3867,3867,3024,3024,3024,3024,3024,3024,3024,3024,3024,3024,3024,3024,3024,3024,488,488,488,488,488,488,488,488,488,488,488,488,488,488,450,450,450,450,450,450,450,450,450,450,450,450,450,450,2936,2936,2936,2936,2936,2936,2936,2936,2936,2936,2936,2936,2936,2936,3929,3929,3929,3929,3929,3929
3,3,3,3,3,3,3,2944,2944,2944,2944,2944,2944,2944,2944,2944,2944,2944,2944,2944,2944,3905,3905,3905,3905,3905,3905,3905,3905,3905,3905,3905,3905,3905,1879,1879,1879,1879,1879,1879,1879,1879,1879,1879,1879,1879,1879,1879,13,13,13,13,13,13,13,13,13,13,13,13,13,13,1437,1437,1437,1437,1437,1437,1437,1437,1437,1437,1437,1437,1437,1437,3775,3775,3775,3775,3775,3775,3775,3775,3775,3775,3775,3775,3775,3775
4,4,4,4,2388,2388,2388,2388,2388,2388,2388,2388,2388,2388,2388,2388,2388,2388,3987,3987,3987,3987,3987,3987,3987,3987,3987,3987,3987,3987,3987,3987,2472,2472,2472,2472,2472,2472,2472,2472,2472,2472,2472,2472,2472,169,169,169,169,169,169,169,169,169,169,169,169,169,169,898,898,898,898,898,898,898,898,898,898,898,898,898,898,3437,3437,3437,3437,3437,3437,3437,3437,3437,3437,3437,3437,3437,3437,3644,3644,3644
3,3,3,3,3,3,3,3,3120,3120,3120,3120,3120,3120,3120,3120,3120,3120,3120,3120,3120,3120,3814,3814,3814,3814,3814,3814,3814,3814,3814,3814,3814,3814,3814,3814,1599,1599,1599,1599,1599,1599,1599,1599,1599,1599,1599,1599,1599,5,5,5,5,5,5,5,5,5,5,5,5,5,5,1632,1632,1632,1632,1632,1632,1632,1632,1632,1632,1632,1632,1632,1632,3862,3862,3862,3862,3862,3862,3862,3862,3862,3862,3862,3862,3862
3,3,3,3,3,3,2582,2582,2582,2582,2582,2582,2582,2582,2582,2582,2582,2582,2582,3965,3965,3965,3965,3965,3965,3965,3965,3965,3965,3965,3965,3965,3965,2076,2076,2076,2076,2076,2076,2076,2076,2076,2076,2076,2076,2076,2076,49,49,49,49,49,49,49,49,49,49,49,49,49,49,1193,1193,1193,1193,1193,1193,1193,1193,1193,1193,1193,1193,1193,3578,3578,3578,3578,3578,3578,3578,3578,3578,3578,3578,3578,3578,3578,3459,3459
3,3,3,3,3,3,3,3,3,3,3423,3423,3423,3423,3423,3423,3423,3423,3423,3423,3423,3423,3423,3423,3627,3627,3627,3627,3627,3627,3627,3627,3627,3627,3627,3627,3627,3627,1289,1289,1289,1289,1289,1289,1289,1289,1289,1289,1289,1289,1289,47,47,47,47,47,47,47,47,47,47,47,47,47,47,2028,2028,2028,2028,2028,2028,2028,2028,2028,2028,2028,2028,2028,2028,3958,3958,3958,3958,3958,3958,3958,3958,3958,3958,3958
2,2,2,2,2,2398,2398,2398,2398,2398,2398,2398,2398,2398,2398,2398,2398,2398,3987,3987,3987,3987,3987,3987,3987,3987,3987,3987,3987,3987,3987,3987,2278,2278,2278,2278,2278,2278,2278,2278,2278,2278,2278,2278,2278,2278,103,103,103,103,103,103,103,103,103,103,103,103,103,103,1017,1017,1017,1017,1017,1017,1017,1017,1017,1017,1017,1017,1017,3448,3448,3448,3448,3448,3448,3448,3448,3448,3448,3448,3448,3448,3448,3587,3587,3587
3,3,3,3,3,3,3,3,3,3,3,3,3,3769,3769,3769,3769,3769,3769,3769,3769,3769,3769,3769,3769,3769,3769,3213,3213,3213,3213,3213,3213,3213,3213,3213,3213,3213,3213,3213,3213,747,747,747,747,747,747,747,747,747,747,747,747,747,235,235,235,235,235,235,235,235,235,235,235,235,235,235,2615,2615,2615,2615,2615,2615,2615,2615,2615,2615,2615,2615,2615,2615,3968,3968,3968,3968,3968,3968,3968,3968
2,2,2,2,2,2533,2533,2533,2533,2533,2533,2533,2533,2533,2533,2533,2533,2533,3045,3987,3987,3987,3987,3987,3987,3987,3987,3987,3987,3987,3987,3987,2277,2277,2277,2277,2277,2277,2277,2277,2277,2277,2277,2277,2277,2277,100,100,100,100,100,100,100,100,100,100,100,100,100,100,1062,1062,1062,1062,1062,1062,1062,1062,1062,1062,1062,1062,1062,1062,3517,3517,3517,3517,3517,3517,3517,3517,3517,3517,3517,3517,3517,3592,3592,3592
3,3,3,3,3,3,3,3,3121,3121,3121,3121,3121,3121,3121,3121,3121,3121,3121,3121,3121,3121,3814,3814,3814,3814,3814,3814,3814,3814,3814,3814,3814,3814,3814,3814,1564,1564,1564,1564,1564,1564,1564,1564,1564,1564,1564,1564,1564,5,5,5,5,5,5,5,5,5,5,5,5,5,5,1633,1633,1633,1633,1633,1633,1633,1633,1633,1633,1633,1633,1633,1633,3863,3863,3863,3863,3863,3863,3863,3863,3863,3863,3863,3863,3863
2,2,2,2,2,2,2,2,2,2,2,2,2,3681,3681,3681,3681,3681,3681,3681,3681,3681,3681,3681,3681,3681,3341,3341,3341,3341,3341,3341,3341,3341,3341,3341,3341,3341,3341,3341,774,774,774,774,774,774,774,774,774,774,774,774,774,774,236,236,236,236,236,236,236,236,236,236,236,236,236,236,2578,2578,2578,2578,2578,2578,2578,2578,2578,2578,2578,2578,2578,2578,3987,3987,3987,3987,3987,3987,3987,3987
1,3,3,3,3,3,3,3,3,3,3,3,3,3,3,3905,3905,3905,3905,3905,3905,3905,3905,3905,3905,3905,3905,3905,3905,3015,3015,3015,3015,3015,3015,3015,3015,3015,3015,3015,3015,3015,488,488,488,488,488,488,488,488,488,488,488,488,488,488,454,454,454,454,454,454,454,454,454,454,454,454,454,454,2971,2971,2971,2971,2971,2971,2971,2971,2971,2971,2971,2971,2971,2971,3899,3899,3899,3899,3899,3899
3,2,2,2,2,2,2,2,2,2,2,2,2,2,2,3896,3896,3896,3896,3896,3896,3896,3896,3896,3896,3896,3896,3896,3023,3023,3023,3023,3023,3023,3023,3023,3023,3023,3023,3023,3023,3023,488,488,488,488,488,488,488,488,488,488,488,488,488,488,454,454,454,454,454,454,454,454,454,454,454,454,454,454,2964,2964,2964,2964,2964,2964,2964,2964,2964,2964,2964,2964,2964,2964,3910,3910,3910,3910,3910,3910
5,5,5,5,5,5,5,2952,2952,2952,2952,2952,2952,2952,2952,2952,2952,2952,2952,2952,2952,3886,3886,3886,3886,3886,3886,3886,3886,3886,3886,3886,3886,3886,3886,1707,1707,1707,1707,1707,1707,1707,1707,1707,1707,1707,1707,1707,1707,13,13,13,13,13,13,13,13,13,13,13,13,13,1438,1438,1438,1438,1438,1438,1438,1438,1438,1438,1438,1438,1438,1438,3791,3791,3791,3791,3791,3791,3791,3791,3791,3791,3791,3791,3791,3791
