8,9,9,9,9,9,9,9,9,9,9,9,9,9,9,9,3978,3978,3978,3978,3978,3978,3978,3978,3978,3978,3978,3978,3978,3978,3978,2486,2486,2486,2486,2486,2486,2486,2486,2486,2486,2486,2486,2486,2486,2486,2486,99,99,99,99,99,99,99,99,99,99,99,99,99,99,99,1428,1428,1428,1428,1428,1428,1428,1428,1428,1428,1428,1428,1428,1428,1428,3883,3883,3883,3883,3883,3883,3883,3883,3883,3883,3883,3883,3883
8,8,1272,1272,1272,1272,1272,1272,1272,1272,1272,1272,1272,1272,1272,1272,1272,4003,4003,4003,4003,4003,4003,4003,4003,4003,4003,4003,4003,4003,4003,4003,2290,2290,2290,2290,2290,2290,2290,2290,2290,2290,2290,2290,2290,2290,2290,2290,51,51,51,51,51,51,51,51,51,51,51,51,51,51,51,1628,1628,1628,1628,1628,1628,1628,1628,1628,1628,1628,1628,1628,1628,1628,3943,3943,3943,3943,3943,3943,3943,3943,3943,3943,3943,3943
7,7,1880,1880,1880,1880,1880,1880,1880,1880,1880,1880,1880,1880,1880,1880,1880,4002,4002,4002,4002,4002,4002,4002,4002,4002,4002,4002,4002,4002,4002,4002,4002,2291,2291,2291,2291,2291,2291,2291,2291,2291,2291,2291,2291,2291,2291,2291,36,36,36,36,36,36,36,36,36,36,36,36,36,36,36,1639,1639,1639,1639,1639,1639,1639,1639,1639,1639,1639,1639,1639,1639,1639,3944,3944,3944,3944,3944,3944,3944,3944,3944,3944,3944,3944
7,7,7,7,2405,2405,2405,2405,2405,2405,2405,2405,2405,2405,2405,2405,2405,2405,2405,2405,3985,3985,3985,3985,3985,3985,3985,3985,3985,3985,3985,3985,3985,3985,3985,1697,1697,1697,1697,1697,1697,1697,1697,1697,1697,1697,1697,1697,1697,1697,8,8,8,8,8,8,8,8,8,8,8,8,8,8,8,2042,2042,2042,2042,2042,2042,2042,2042,2042,2042,2042,2042,2042,2042,2042,2042,4006,4006,4006,4006,4006,4006,4006,4006,4006
8,8,8,8,8,8,8,2831,2831,2831,2831,2831,2831,2831,2831,2831,2831,2831,2831,2831,2831,2831,3837,3837,3837,3837,3837,3837,3837,3837,3837,3837,3837,3837,3837,3837,3837,1304,1304,1304,1304,1304,1304,1304,1304,1304,1304,1304,1304,1304,1304,1304,89,89,89,89,89,89,89,89,89,89,89,89,89,89,89,89,2439,2439,2439,2439,2439,2439,2439,2439,2439,2439,2439,2439,2439,2439,2439,3957,3957,3957,3957,3957,3957,3957
8,8,285,285,285,285,285,285,285,285,285,285,285,285,285,285,285,4000,4000,4000,4000,4000,4000,4000,4000,4000,4000,4000,4000,4000,4000,4000,2290,2290,2290,2290,2290,2290,2290,2290,2290,2290,2290,2290,2290,2290,2290,52,52,52,52,52,52,52,52,52,52,52,52,52,52,52,52,1448,1448,1448,1448,1448,1448,1448,1448,1448,1448,1448,1448,1448,1448,1448,3924,3924,3924,3924,3924,3924,3924,3924,3924,3924,3924,3924
8,8,8,8,8,8,8,8,8,8,3296,3296,3296,3296,3296,3296,3296,3296,3296,3296,3296,3296,3296,3296,3296,3571,3571,3571,3571,3571,3571,3571,3571,3571,3571,3571,3571,3571,3571,3571,787,787,787,787,787,787,787,787,787,787,787,787,787,787,787,341,341,341,341,341,341,341,341,341,341,341,341,341,341,341,2996,2996,2996,2996,2996,2996,2996,2996,2996,2996,2996,2996,2996,2996,2996,2996,3813,3813,3813,3813
7,7,7,7,2404,2404,2404,2404,2404,2404,2404,2404,2404,2404,2404,2404,2404,2404,2404,3991,3991,3991,3991,3991,3991,3991,3991,3991,3991,3991,3991,3991,3991,3991,1891,1891,1891,1891,1891,1891,1891,1891,1891,1891,1891,1891,1891,1891,1891,1891,7,7,7,7,7,7,7,7,7,7,7,7,7,7,7,2034,2034,2034,2034,2034,2034,2034,2034,2034,2034,2034,2034,2034,2034,2034,4006,4006,4006,4006,4006,4006,4006,4006,4006,4006
7,7,7,7,7,7,7,2787,2787,2787,2787,2787,2787,2787,2787,2787,2787,2787,2787,2787,2787,2787,3856,3856,3856,3856,3856,3856,3856,3856,3856,3856,3856,3856,3856,3856,3856,1304,1304,1304,1304,1304,1304,1304,1304,1304,1304,1304,1304,1304,1304,1304,89,89,89,89,89,89,89,89,89,89,89,89,89,89,89,89,2438,2438,2438,2438,2438,2438,2438,2438,2438,2438,2438,2438,2438,2438,2438,3965,3965,3965,3965,3965,3965,3965
7,7,7,7,7,7,7,7,7,7,7,3577,3577,3577,3577,3577,3577,3577,3577,3577,3577,3577,3577,3577,3577,3577,3577,3359,3359,3359,3359,3359,3359,3359,3359,3359,3359,3359,3359,3359,3359,3359,513,513,513,513,513,513,513,513,513,513,513,513,513,513,513,593,593,593,593,593,593,593,593,593,593,593,593,593,593,593,3322,3322,3322,3322,3322,3322,3322,3322,3322,3322,3322,3322,3322,3322,3322,3607,3607,3607
8,8,8,8,8,8,8,8,8,8,8,3554,3554,3554,3554,3554,3554,3554,3554,3554,3554,3554,3554,3554,3554,3554,3362,3362,3362,3362,3362,3362,3362,3362,3362,3362,3362,3362,3362,3362,3362,631,631,631,631,631,631,631,631,631,631,631,631,631,631,631,461,461,461,461,461,461,461,461,461,461,461,461,461,461,461,461,3220,3220,3220,3220,3220,3220,3220,3220,3220,3220,3220,3220,3220,3220,3220,3619,3619,3619
8,8,8,8,8,8,8,8,3135,3135,3135,3135,3135,3135,3135,3135,3135,3135,3135,3135,3135,3135,3135,3736,3736,3736,3736,3736,3736,3736,3736,3736,3736,3736,3736,3736,3736,3736,3736,1122,1122,1122,1122,1122,1122,1122,1122,1122,1122,1122,1122,1122,1122,1122,213,213,213,213,213,213,213,213,213,213,213,213,213,213,213,2816,2816,2816,2816,2816,2816,2816,2816,2816,2816,2816,2816,2816,2816,2816,3890,3890,3890,3890,3890,3890
7,7,7,7,7,7,7,7,7,7,7,3444,3444,3444,3444,3444,3444,3444,3444,3444,3444,3444,3444,3444,3444,3444,3444,3444,3444,3444,3444,3444,3444,3444,3444,3444,3444,3444,3444,3444,3444,637,637,637,637,637,637,637,637,637,637,637,637,637,637,637,460,460,460,460,460,460,460,460,460,460,460,460,460,460,460,3166,3166,3166,3166,3166,3166,3166,3166,3166,3166,3166,3166,3166,3166,3166,3166,3719,3719,3719
8,8,8,8,8,8,8,8,8,8,8,8,8,8,3821,3821,3821,3821,3821,3821,3821,3821,3821,3821,3821,3821,3821,3821,3821,2868,2868,2868,2868,2868,2868,2868,2868,2868,2868,2868,2868,2868,2868,2868,265,265,265,265,265,265,265,265,265,265,265,265,265,265,265,905,905,905,905,905,905,905,905,905,905,905,905,905,905,905,905,3597,3597,3597,3597,3597,3597,3597,3597,3597,3597,3597,3597,3597,3597,3597
7,7,7,7,7,7,7,7,3137,3137,3137,3137,3137,3137,3137,3137,3137,3137,3137,3137,3137,3137,3137,3137,3735,3735,3735,3735,3735,3735,3735,3735,3735,3735,3735,3735,3735,3735,3735,998,998,998,998,998,998,998,998,998,998,998,998,998,998,998,237,237,237,237,237,237,237,237,237,237,237,237,237,237,237,2819,2819,2819,2819,2819,2819,2819,2819,2819,2819,2819,2819,2819,2819,2819,3890,3890,3890,3890,3890,3890
7,7,7,2209,2209,2209,2209,2209,2209,2209,2209,2209,2209,2209,2209,2209,2209,2209,4007,4007,4007,4007,4007,4007,4007,4007,4007,4007,4007,4007,4007,4007,4007,4007,2067,2067,2067,2067,2067,2067,2067,2067,2067,2067,2067,2067,2067,2067,2067,14,14,14,14,14,14,14,14,14,14,14,14,14,14,14,1841,1841,1841,1841,1841,1841,1841,1841,1841,1841,1841,1841,1841,1841,1841,3983,3983,3983,3983,3983,3983,3983,3983,3983,3983,3983
7,7,7,7,7,7,7,7,7,7,7,7,7,7,3872,3872,3872,3872,3872,3872,3872,3872,3872,3872,3872,3872,3872,3872,3872,2863,2863,2863,2863,2863,2863,2863,2863,2863,2863,2863,2863,2863,2863,2863,2863,217,217,217,217,217,217,217,217,217,217,217,217,217,217,217,1073,1073,1073,1073,1073,1073,1073,1073,1073,1073,1073,1073,1073,1073,1073,3710,3710,3710,3710,3710,3710,3710,3710,3710,3710,3710,3710,3710,3710,3710
6,6,6,6,2377,2377,2377,2377,2377,2377,2377,2377,2377,2377,2377,2377,2377,2377,2377,3992,3992,3992,3992,3992,3992,3992,3992,3992,3992,3992,3992,3992,3992,3992,1890,1890,1890,1890,1890,1890,1890,1890,1890,1890,1890,1890,1890,1890,1890,7,7,7,7,7,7,7,7,7,7,7,7,7,7,7,7,1889,1889,1889,1889,1889,1889,1889,1889,1889,1889,1889,1889,1889,1889,1889,4003,4003,4003,4003,4003,4003,4003,4003,4003,4003
7,7,7,7,7,7,7,7,7,7,7,3466,3466,3466,3466,3466,3466,3466,3466,3466,3466,3466,3466,3466,3466,3466,3383,3383,3383,3383,3383,3383,3383,3383,3383,3383,3383,3383,3383,3383,3383,633,633,633,633,633,633,633,633,633,633,633,633,633,633,633,460,460,460,460,460,460,460,460,460,460,460,460,460,460,460,3166,3166,3166,3166,3166,3166,3166,3166,3166,3166,3166,3166,3166,3166,3166,3166,3709,3709,3709
7,7,7,7,7,7,7,2861,2861,2861,2861,2861,2861,2861,2861,2861,2861,2861,2861,2861,2861,2861,3837,3837,3837,3837,3837,3837,3837,3837,3837,3837,3837,3837,3837,3837,3837,1305,1305,1305,1305,1305,1305,1305,1305,1305,1305,1305,1305,1305,1305,1305,89,89,89,89,89,89,89,89,89,89,89,89,89,89,89,89,2439,2439,2439,2439,2439,2439,2439,2439,2439,2439,2439,2439,2439,2439,2439,3962,3962,3962,3962,3962,3962,3962
7,7,7,7,7,7,7,7,7,7,3443,3443,3443,3443,3443,3443,3443,3443,3443,3443,3443,3443,3443,3443,3443,3501,3501,3501,3501,3501,3501,3501,3501,3501,3501,3501,3501,3501,3501,3501,3501,781,781,781,781,781,781,781,781,781,781,781,781,781,781,781,437,437,437,437,437,437,437,437,437,437,437,437,437,437,437,3163,3163,3163,3163,3163,3163,3163,3163,3163,3163,3163,3163,3163,3163,3163,3720,3720,3720,3720
8,8,8,8,8,8,8,8,8,8,3368,3368,3368,3368,3368,3368,3368,3368,3368,3368,3368,3368,3368,3368,3368,3511,3511,3511,3511,3511,3511,3511,3511,3511,3511,3511,3511,3511,3511,3511,783,783,783,783,783,783,783,783,783,783,783,783,783,783,783,342,342,342,342,342,342,342,342,342,342,342,342,342,342,342,342,2996,2996,2996,2996,2996,2996,2996,2996,2996,2996,2996,2996,2996,2996,2996,3762,3762,3762,3762
7,7,7,7,7,7,7,7,3137,3137,3137,3137,3137,3137,3137,3137,3137,3137,3137,3137,3137,3137,3137,3137,3735,3735,3735,3735,3735,3735,3735,3735,3735,3735,3735,3735,3735,3735,3735,999,999,999,999,999,999,999,999,999,999,999,999,999,999,999,236,236,236,236,236,236,236,236,236,236,236,236,236,236,236,2818,2818,2818,2818,2818,2818,2818,2818,2818,2818,2818,2818,2818,2818,2818,3891,3891,3891,3891,3891,3891
7,7,7,7,7,7,7,2967,2967,2967,2967,2967,2967,2967,2967,2967,2967,2967,2967,2967,2967,2967,3828,3828,3828,3828,3828,3828,3828,3828,3828,3828,3828,3828,3828,3828,3828,3828,1304,1304,1304,1304,1304,1304,1304,1304,1304,1304,1304,1304,1304,1304,1304,138,138,138,138,138,138,138,138,138,138,138,138,138,138,138,2629,2629,2629,2629,2629,2629,2629,2629,2629,2629,2629,2629,2629,2629,2629,3950,3950,3950,3950,3950,3950,3950
9,7,7,7,7,7,7,7,7,7,7,7,7,7,7,7,3978,3978,3978,3978,3978,3978,3978,3978,3978,3978,3978,3978,3978,3978,3978,2485,2485,2485,2485,2485,2485,2485,2485,2485,2485,2485,2485,2485,2485,2485,105,105,105,105,105,105,105,105,105,105,105,105,105,105,105,105,1269,1269,1269,1269,1269,1269,1269,1269,1269,1269,1269,1269,1269,1269,1269,3867,3867,3867,3867,3867,3867,3867,3867,3867,3867,3867,3867,3867
7,7,7,7,7,7,7,7,7,7,3425,3425,3425,3425,3425,3425,3425,3425,3425,3425,3425,3425,3425,3425,3425,3504,3504,3504,3504,3504,3504,3504,3504,3504,3504,3504,3504,3504,3504,3504,782,782,782,782,782,782,782,782,782,782,782,782,782,782,782,342,342,342,342,342,342,342,342,342,342,342,342,342,342,342,342,3022,3022,3022,3022,3022,3022,3022,3022,3022,3022,3022,3022,3022,3022,3022,3737,3737,3737,3737
7,7,7,7,7,7,7,7,7,7,7,7,7,7,7,7,3956,3956,3956,3956,3956,3956,3956,3956,3956,3956,3956,3956,3956,3956,3956,2488,2488,2488,2488,2488,2488,2488,2488,2488,2488,2488,2488,2488,2488,2488,104,104,104,104,104,104,104,104,104,104,104,104,104,104,104,1260,1260,1260,1260,1260,1260,1260,1260,1260,1260,1260,1260,1260,1260,1260,1260,3807,3807,3807,3807,3807,3807,3807,3807,3807,3807,3807,3807,3807
7,7,7,7,7,7,7,7,3138,3138,3138,3138,3138,3138,3138,3138,3138,3138,3138,3138,3138,3138,3138,3138,3713,3713,3713,3713,3713,3713,3713,3713,3713,3713,3713,3713,3713,3713,3713,954,954,954,954,954,954,954,954,954,954,954,954,954,954,954,239,239,239,239,239,239,239,239,239,239,239,239,239,239,239,2818,2818,2818,2818,2818,2818,2818,2818,2818,2818,2818,2818,2818,2818,2818,2818,3891,3891,3891,3891,3891
8,8,438,438,438,438,438,438,438,438,438,438,438,438,438,438,438,4002,4002,4002,4002,4002,4002,4002,4002,4002,4002,4002,4002,4002,4002,4002,2291,2291,2291,2291,2291,2291,2291,2291,2291,2291,2291,2291,2291,2291,2291,52,52,52,52,52,52,52,52,52,52,52,52,52,52,52,52,1497,1497,1497,1497,1497,1497,1497,1497,1497,1497,1497,1497,1497,1497,1497,3938,3938,3938,3938,3938,3938,3938,3938,3938,3938,3938,3938
7,7,7,7,7,7,7,7,7,7,3443,3443,3443,3443,3443,3443,3443,3443,3443,3443,3443,3443,3443,3443,3443,3501,3501,3501,3501,3501,3501,3501,3501,3501,3501,3501,3501,3501,3501,3501,3501,783,783,783,783,783,783,783,783,783,783,783,783,783,783,783,437,437,437,437,437,437,437,437,437,437,437,437,437,437,437,3163,3163,3163,3163,3163,3163,3163,3163,3163,3163,3163,3163,3163,3163,3163,3720,3720,3720,3720
8,8,8,8,2406,2406,2406,2406,2406,2406,2406,2406,2406,2406,2406,2406,2406,2406,2406,2406,3986,3986,3986,3986,3986,3986,3986,3986,3986,3986,3986,3986,3986,3986,3986,1698,1698,1698,1698,1698,1698,1698,1698,1698,1698,1698,1698,1698,1698,1698,8,8,8,8,8,8,8,8,8,8,8,8,8,8,8,2042,2042,2042,2042,2042,2042,2042,2042,2042,2042,2042,2042,2042,2042,2042,4005,4005,4005,4005,4005,4005,4005,4005,4005,4005
7,7,7,7,7,7,7,7,3090,3090,3090,3090,3090,3090,3090,3090,3090,3090,3090,3090,3090,3090,3090,3742,3742,3742,3742,3742,3742,3742,3742,3742,3742,3742,3742,3742,3742,3742,1122,1122,1122,1122,1122,1122,1122,1122,1122,1122,1122,1122,1122,1122,1122,155,155,155,155,155,155,155,155,155,155,155,155,155,155,155,155,2636,2636,2636,2636,2636,2636,2636,2636,2636,2636,2636,2636,2636,2636,2636,3904,3904,3904,3904,3904,3904
7,7,7,7,7,2598,2598,2598,2598,2598,2598,2598,2598,2598,2598,2598,2598,2598,2598,2598,3957,3957,3957,3957,3957,3957,3957,3957,3957,3957,3957,3957,3957,3957,3957,3957,1692,1692,1692,1692,1692,1692,1692,1692,1692,1692,1692,1692,1692,1692,1692,34,34,34,34,34,34,34,34,34,34,34,34,34,34,34,2238,2238,2238,2238,2238,2238,2238,2238,2238,2238,2238,2238,2238,2238,2238,4006,4006,4006,4006,4006,4006,4006,4006,4006
7,7,7,7,7,7,2620,2620,2620,2620,2620,2620,2620,2620,2620,2620,2620,2620,2620,2620,2620,3912,3912,3912,3912,3912,3912,3912,3912,3912,3912,3912,3912,3912,3912,3912,1496,1496,1496,1496,1496,1496,1496,1496,1496,1496,1496,1496,1496,1496,1496,43,43,43,43,43,43,43,43,43,43,43,43,43,43,43,2241,2241,2241,2241,2241,2241,2241,2241,2241,2241,2241,2241,2241,2241,2241,2241,4000,4000,4000,4000,4000,4000,4000,4000
7,7,7,7,7,7,7,7,7,7,3442,3442,3442,3442,3442,3442,3442,3442,3442,3442,3442,3442,3442,3442,3442,3500,3500,3500,3500,3500,3500,3500,3500,3500,3500,3500,3500,3500,3500,3500,783,783,783,783,783,783,783,783,783,783,783,783,783,783,783,783,387,387,387,387,387,387,387,387,387,387,387,387,387,387,387,3157,3157,3157,3157,3157,3157,3157,3157,3157,3157,3157,3157,3157,3157,3157,3720,3720,3720,3720
7,7,7,7,7,7,7,7,7,7,7,7,7,7,3802,3802,3802,3802,3802,3802,3802,3802,3802,3802,3802,3802,3802,3802,3802,2881,2881,2881,2881,2881,2881,2881,2881,2881,2881,2881,2881,2881,2881,2881,268,268,268,268,268,268,268,268,268,268,268,268,268,268,268,906,906,906,906,906,906,906,906,906,906,906,906,906,906,906,3596,3596,3596,3596,3596,3596,3596,3596,3596,3596,3596,3596,3596,3596,3596,3596
9,9,9,9,9,9,9,9,9,9,9,3575,3575,3575,3575,3575,3575,3575,3575,3575,3575,3575,3575,3575,3575,3575,3360,3360,3360,3360,3360,3360,3360,3360,3360,3360,3360,3360,3360,3360,3360,3360,631,631,631,631,631,631,631,631,631,631,631,631,631,631,631,541,541,541,541,541,541,541,541,541,541,541,541,541,541,541,3316,3316,3316,3316,3316,3316,3316,3316,3316,3316,3316,3316,3316,3316,3316,3607,3607,3607
10,10,67,67,67,67,67,67,67,67,67,67,67,67,67,67,67,4000,4000,4000,4000,4000,4000,4000,4000,4000,4000,4000,4000,4000,4000,4000,2290,2290,2290,2290,2290,2290,2290,2290,2290,2290,2290,2290,2290,2290,2290,52,52,52,52,52,52,52,52,52,52,52,52,52,52,52,52,1457,1457,1457,1457,1457,1457,1457,1457,1457,1457,1457,1457,1457,1457,1457,3934,3934,3934,3934,3934,3934,3934,3934,3934,3934,3934,3934
7,7,7,7,7,7,7,7,7,7,7,3575,3575,3575,3575,3575,3575,3575,3575,3575,3575,3575,3575,3575,3575,3575,3359,3359,3359,3359,3359,3359,3359,3359,3359,3359,3359,3359,3359,3359,3359,3359,632,632,632,632,632,632,632,632,632,632,632,632,632,632,632,567,567,567,567,567,567,567,567,567,567,567,567,567,567,567,3320,3320,3320,3320,3320,3320,3320,3320,3320,3320,3320,3320,3320,3320,3320,3607,3607,3607
7,7,7,2079,2079,2079,2079,2079,2079,2079,2079,2079,2079,2079,2079,2079,2079,2079,4007,4007,4007,4007,4007,4007,4007,4007,4007,4007,4007,4007,4007,4007,4007,2091,2091,2091,2091,2091,2091,2091,2091,2091,2091,2091,2091,2091,2091,2091,18,18,18,18,18,18,18,18,18,18,18,18,18,18,18,18,1644,1644,1644,1644,1644,1644,1644,1644,1644,1644,1644,1644,1644,1644,1644,3972,3972,3972,3972,3972,3972,3972,3972,3972,3972,3972
8,8,8,8,8,8,8,8,8,8,8,8,8,3713,3713,3713,3713,3713,3713,3713,3713,3713,3713,3713,3713,3713,3713,3713,3047,3047,3047,3047,3047,3047,3047,3047,3047,3047,3047,3047,3047,3047,3047,372,372,372,372,372,372,372,372,372,372,372,372,372,372,372,743,743,743,743,743,743,743,743,743,743,743,743,743,743,743,743,3467,3467,3467,3467,3467,3467,3467,3467,3467,3467,3467,3467,3467,3467,3467,3408
8,7,7,7,7,7,7,7,7,7,7,7,7,7,7,7,7,3983,3983,3983,3983,3983,3983,3983,3983,3983,3983,3983,3983,3983,3983,3983,2299,2299,2299,2299,2299,2299,2299,2299,2299,2299,2299,2299,2299,2299,2299,53,53,53,53,53,53,53,53,53,53,53,53,53,53,53,1449,1449,1449,1449,1449,1449,1449,1449,1449,1449,1449,1449,1449,1449,1449,3886,3886,3886,3886,3886,3886,3886,3886,3886,3886,3886,3886,3886
8,8,8,8,8,8,8,8,8,8,3297,3297,3297,3297,3297,3297,3297,3297,3297,3297,3297,3297,3297,3297,3297,3553,3553,3553,3553,3553,3553,3553,3553,3553,3553,3553,3553,3553,3553,3553,785,785,785,785,785,785,785,785,785,785,785,785,785,785,785,341,341,341,341,341,341,341,341,341,341,341,341,341,341,341,2997,2997,2997,2997,2997,2997,2997,2997,2997,2997,2997,2997,2997,2997,2997,2997,3812,3812,3812,3812
8,8,8,8,8,8,8,8,8,8,8,8,8,3793,3793,3793,3793,3793,3793,3793,3793,3793,3793,3793,3793,3793,3793,3793,3793,3037,3037,3037,3037,3037,3037,3037,3037,3037,3037,3037,3037,3037,3037,3037,288,288,288,288,288,288,288,288,288,288,288,288,288,288,288,903,903,903,903,903,903,903,903,903,903,903,903,903,903,903,3596,3596,3596,3596,3596,3596,3596,3596,3596,3596,3596,3596,3596,3596,3596,3335
8,8,1409,1409,1409,1409,1409,1409,1409,1409,1409,1409,1409,1409,1409,1409,1409,4004,4004,4004,4004,4004,4004,4004,4004,4004,4004,4004,4004,4004,4004,4004,2290,2290,2290,2290,2290,2290,2290,2290,2290,2290,2290,2290,2290,2290,2290,2290,48,48,48,48,48,48,48,48,48,48,48,48,48,48,48,1630,1630,1630,1630,1630,1630,1630,1630,1630,1630,1630,1630,1630,1630,1630,3943,3943,3943,3943,3943,3943,3943,3943,3943,3943,3943,3943
6,6,6,6,2209,2209,2209,2209,2209,2209,2209,2209,2209,2209,2209,2209,2209,2209,2209,3996,3996,3996,3996,3996,3996,3996,3996,3996,3996,3996,3996,3996,3996,3996,1890,1890,1890,1890,1890,1890,1890,1890,1890,1890,1890,1890,1890,1890,1890,9,9,9,9,9,9,9,9,9,9,9,9,9,9,9,1842,1842,1842,1842,1842,1842,1842,1842,1842,1842,1842,1842,1842,1842,1842,1842,3994,3994,3994,3994,3994,3994,3994,3994,3994,3994
7,7,7,7,7,7,7,7,3137,3137,3137,3137,3137,3137,3137,3137,3137,3137,3137,3137,3137,3137,3137,3735,3735,3735,3735,3735,3735,3735,3735,3735,3735,3735,3735,3735,3735,3735,3735,1122,1122,1122,1122,1122,1122,1122,1122,1122,1122,1122,1122,1122,1122,1122,190,190,190,190,190,190,190,190,190,190,190,190,190,190,190,2808,2808,2808,2808,2808,2808,2808,2808,2808,2808,2808,2808,2808,2808,2808,3893,3893,3893,3893,3893,3893
8,8,1995,1995,1995,1995,1995,1995,1995,1995,1995,1995,1995,1995,1995,1995,1995,4003,4003,4003,4003,4003,4003,4003,4003,4003,4003,4003,4003,4003,4003,4003,4003,2208,2208,2208,2208,2208,2208,2208,2208,2208,2208,2208,2208,2208,2208,2208,24,24,24,24,24,24,24,24,24,24,24,24,24,24,24,1644,1644,1644,1644,1644,1644,1644,1644,1644,1644,1644,1644,1644,1644,1644,3945,3945,3945,3945,3945,3945,3945,3945,3945,3945,3945,3945
8,8,8,8,8,8,2616,2616,2616,2616,2616,2616,2616,2616,2616,2616,2616,2616,2616,2616,2616,3911,3911,3911,3911,3911,3911,3911,3911,3911,3911,3911,3911,3911,3911,3911,1497,1497,1497,1497,1497,1497,1497,1497,1497,1497,1497,1497,1497,1497,1497,44,44,44,44,44,44,44,44,44,44,44,44,44,44,44,44,2240,2240,2240,2240,2240,2240,2240,2240,2240,2240,2240,2240,2240,2240,2240,3994,3994,3994,3994,3994,3994,3994,3994
7,7,7,7,7,7,7,2967,2967,2967,2967,2967,2967,2967,2967,2967,2967,2967,2967,2967,2967,2967,3829,3829,3829,3829,3829,3829,3829,3829,3829,3829,3829,3829,3829,3829,3829,3829,1305,1305,1305,1305,1305,1305,1305,1305,1305,1305,1305,1305,1305,1305,1305,123,123,123,123,123,123,123,123,123,123,123,123,123,123,123,2623,2623,2623,2623,2623,2623,2623,2623,2623,2623,2623,2623,2623,2623,2623,3950,3950,3950,3950,3950,3950,3950
8,8,8,8,8,8,8,8,8,8,8,8,8,8,3872,3872,3872,3872,3872,3872,3872,3872,3872,3872,3872,3872,3872,3872,3872,2863,2863,2863,2863,2863,2863,2863,2863,2863,2863,2863,2863,2863,2863,2863,2863,252,252,252,252,252,252,252,252,252,252,252,252,252,252,252,1061,1061,1061,1061,1061,1061,1061,1061,1061,1061,1061,1061,1061,1061,1061,3707,3707,3707,3707,3707,3707,3707,3707,3707,3707,3707,3707,3707,3707,3707
8,8,8,8,8,8,8,8,8,8,8,8,8,3767,3767,3767,3767,3767,3767,3767,3767,3767,3767,3767,3767,3767,3767,3767,3041,3041,3041,3041,3041,3041,3041,3041,3041,3041,3041,3041,3041,3041,3041,371,371,371,371,371,371,371,371,371,371,371,371,371,371,371,743,743,743,743,743,743,743,743,743,743,743,743,743,743,743,743,3486,3486,3486,3486,3486,3486,3486,3486,3486,3486,3486,3486,3486,3486,3486,3356
7,7,7,7,7,7,7,7,7,3287,3287,3287,3287,3287,3287,3287,3287,3287,3287,3287,3287,3287,3287,3287,3629,3629,3629,3629,3629,3629,3629,3629,3629,3629,3629,3629,3629,3629,3629,947,947,947,947,947,947,947,947,947,947,947,947,947,947,947,947,241,241,241,241,241,241,241,241,241,241,241,241,241,241,241,2906,2906,2906,2906,2906,2906,2906,2906,2906,2906,2906,2906,2906,2906,2906,3821,3821,3821,3821,3821
9,7,7,7,7,7,7,7,7,7,7,7,7,7,7,7,3978,3978,3978,3978,3978,3978,3978,3978,3978,3978,3978,3978,3978,3978,3978,2486,2486,2486,2486,2486,2486,2486,2486,2486,2486,2486,2486,2486,2486,2486,2486,76,76,76,76,76,76,76,76,76,76,76,76,76,76,76,1445,1445,1445,1445,1445,1445,1445,1445,1445,1445,1445,1445,1445,1445,1445,3885,3885,3885,3885,3885,3885,3885,3885,3885,3885,3885,3885,3885
7,7,7,7,7,7,7,7,7,7,3443,3443,3443,3443,3443,3443,3443,3443,3443,3443,3443,3443,3443,3443,3443,3500,3500,3500,3500,3500,3500,3500,3500,3500,3500,3500,3500,3500,3500,3500,3500,782,782,782,782,782,782,782,782,782,782,782,782,782,782,782,418,418,418,418,418,418,418,418,418,418,418,418,418,418,418,3160,3160,3160,3160,3160,3160,3160,3160,3160,3160,3160,3160,3160,3160,3160,3720,3720,3720,3720
8,8,8,8,8,8,8,8,8,8,8,8,3656,3656,3656,3656,3656,3656,3656,3656,3656,3656,3656,3656,3656,3656,3656,3208,3208,3208,3208,3208,3208,3208,3208,3208,3208,3208,3208,3208,3208,3208,493,493,493,493,493,493,493,493,493,493,493,493,493,493,493,597,597,597,597,597,597,597,597,597,597,597,597,597,597,597,597,3323,3323,3323,3323,3323,3323,3323,3323,3323,3323,3323,3323,3323,3323,3323,3518,3518
7,7,7,2208,2208,2208,2208,2208,2208,2208,2208,2208,2208,2208,2208,2208,2208,2208,4006,4006,4006,4006,4006,4006,4006,4006,4006,4006,4006,4006,4006,4006,4006,4006,2091,2091,2091,2091,2091,2091,2091,2091,2091,2091,2091,2091,2091,2091,2091,14,14,14,14,14,14,14,14,14,14,14,14,14,14,14,1840,1840,1840,1840,1840,1840,1840,1840,1840,1840,1840,1840,1840,1840,1840,3984,3984,3984,3984,3984,3984,3984,3984,3984,3984,3984
7,7,7,7,7,7,7,7,3136,3136,3136,3136,3136,3136,3136,3136,3136,3136,3136,3136,3136,3136,3136,3736,3736,3736,3736,3736,3736,3736,3736,3736,3736,3736,3736,3736,3736,3736,3736,1122,1122,1122,1122,1122,1122,1122,1122,1122,1122,1122,1122,1122,1122,1122,220,220,220,220,220,220,220,220,220,220,220,220,220,220,220,2816,2816,2816,2816,2816,2816,2816,2816,2816,2816,2816,2816,2816,2816,2816,3891,3891,3891,3891,3891,3891
7,7,7,7,2404,2404,2404,2404,2404,2404,2404,2404,2404,2404,2404,2404,2404,2404,2404,3991,3991,3991,3991,3991,3991,3991,3991,3991,3991,3991,3991,3991,3991,3991,1891,1891,1891,1891,1891,1891,1891,1891,1891,1891,1891,1891,1891,1891,1891,1891,7,7,7,7,7,7,7,7,7,7,7,7,7,7,7,2025,2025,2025,2025,2025,2025,2025,2025,2025,2025,2025,2025,2025,2025,2025,4005,4005,4005,4005,4005,4005,4005,4005,4005,4005
7,7,7,7,7,7,7,7,2967,2967,2967,2967,2967,2967,2967,2967,2967,2967,2967,2967,2967,2967,2967,3780,3780,3780,3780,3780,3780,3780,3780,3780,3780,3780,3780,3780,3780,3780,1125,1125,1125,1125,1125,1125,1125,1125,1125,1125,1125,1125,1125,1125,1125,154,154,154,154,154,154,154,154,154,154,154,154,154,154,154,2630,2630,2630,2630,2630,2630,2630,2630,2630,2630,2630,2630,2630,2630,2630,2630,3949,3949,3949,3949,3949,3949
8,8,8,8,8,8,8,8,3137,3137,3137,3137,3137,3137,3137,3137,3137,3137,3137,3137,3137,3137,3137,3735,3735,3735,3735,3735,3735,3735,3735,3735,3735,3735,3735,3735,3735,3735,3735,1090,1090,1090,1090,1090,1090,1090,1090,1090,1090,1090,1090,1090,1090,1090,229,229,229,229,229,229,229,229,229,229,229,229,229,229,229,2817,2817,2817,2817,2817,2817,2817,2817,2817,2817,2817,2817,2817,2817,2817,3890,3890,3890,3890,3890,3890
7,7,7,2207,2207,2207,2207,2207,2207,2207,2207,2207,2207,2207,2207,2207,2207,2207,4008,4008,4008,4008,4008,4008,4008,4008,4008,4008,4008,4008,4008,4008,4008,4008,2091,2091,2091,2091,2091,2091,2091,2091,2091,2091,2091,2091,2091,2091,2091,17,17,17,17,17,17,17,17,17,17,17,17,17,17,17,1835,1835,1835,1835,1835,1835,1835,1835,1835,1835,1835,1835,1835,1835,1835,3984,3984,3984,3984,3984,3984,3984,3984,3984,3984,3984
8,7,7,7,7,7,7,7,7,7,7,7,7,7,7,7,3979,3979,3979,3979,3979,3979,3979,3979,3979,3979,3979,3979,3979,3979,3979,2486,2486,2486,2486,2486,2486,2486,2486,2486,2486,2486,2486,2486,2486,2486,2486,83,83,83,83,83,83,83,83,83,83,83,83,83,83,83,1441,1441,1441,1441,1441,1441,1441,1441,1441,1441,1441,1441,1441,1441,1441,3883,3883,3883,3883,3883,3883,3883,3883,3883,3883,3883,3883,3883
7,7,7,7,7,7,7,7,7,7,7,3576,3576,3576,3576,3576,3576,3576,3576,3576,3576,3576,3576,3576,3576,3576,3359,3359,3359,3359,3359,3359,3359,3359,3359,3359,3359,3359,3359,3359,3359,3359,574,574,574,574,574,574,574,574,574,574,574,574,574,574,574,589,589,589,589,589,589,589,589,589,589,589,589,589,589,589,3322,3322,3322,3322,3322,3322,3322,3322,3322,3322,3322,3322,3322,3322,3322,3606,3606,3606
7,7,7,7,2405,2405,2405,2405,2405,2405,2405,2405,2405,2405,2405,2405,2405,2405,2405,3991,3991,3991,3991,3991,3991,3991,3991,3991,3991,3991,3991,3991,3991,3991,3991,1891,1891,1891,1891,1891,1891,1891,1891,1891,1891,1891,1891,1891,1891,1891,7,7,7,7,7,7,7,7,7,7,7,7,7,7,7,2038,2038,2038,2038,2038,2038,2038,2038,2038,2038,2038,2038,2038,2038,2038,4005,4005,4005,4005,4005,4005,4005,4005,4005,4005
7,7,7,7,7,7,7,7,7,7,7,7,3693,3693,3693,3693,3693,3693,3693,3693,3693,3693,3693,3693,3693,3693,3693,3693,3205,3205,3205,3205,3205,3205,3205,3205,3205,3205,3205,3205,3205,3205,3205,430,430,430,430,430,430,430,430,430,430,430,430,430,430,430,736,736,736,736,736,736,736,736,736,736,736,736,736,736,736,3466,3466,3466,3466,3466,3466,3466,3466,3466,3466,3466,3466,3466,3466,3466,3478,3478
8,8,8,8,8,8,8,8,3136,3136,3136,3136,3136,3136,3136,3136,3136,3136,3136,3136,3136,3136,3136,3735,3735,3735,3735,3735,3735,3735,3735,3735,3735,3735,3735,3735,3735,3735,3735,1061,1061,1061,1061,1061,1061,1061,1061,1061,1061,1061,1061,1061,1061,1061,232,232,232,232,232,232,232,232,232,232,232,232,232,232,232,2818,2818,2818,2818,2818,2818,2818,2818,2818,2818,2818,2818,2818,2818,2818,3890,3890,3890,3890,3890,3890
9,8,8,8,8,8,8,8,8,8,8,8,8,8,8,8,3980,3980,3980,3980,3980,3980,3980,3980,3980,3980,3980,3980,3980,3980,3980,3980,2380,2380,2380,2380,2380,2380,2380,2380,2380,2380,2380,2380,2380,2380,2380,55,55,55,55,55,55,55,55,55,55,55,55,55,55,55,1449,1449,1449,1449,1449,1449,1449,1449,1449,1449,1449,1449,1449,1449,1449,3885,3885,3885,3885,3885,3885,3885,3885,3885,3885,3885,3885,3885
7,7,7,7,7,7,2655,2655,2655,2655,2655,2655,2655,2655,2655,2655,2655,2655,2655,2655,2655,3908,3908,3908,3908,3908,3908,3908,3908,3908,3908,3908,3908,3908,3908,3908,1497,1497,1497,1497,1497,1497,1497,1497,1497,1497,1497,1497,1497,1497,1497,42,42,42,42,42,42,42,42,42,42,42,42,42,42,42,42,2241,2241,2241,2241,2241,2241,2241,2241,2241,2241,2241,2241,2241,2241,2241,3992,3992,3992,3992,3992,3992,3992,3992
7,7,7,7,2405,2405,2405,2405,2405,2405,2405,2405,2405,2405,2405,2405,2405,2405,2405,2405,3990,3990,3990,3990,3990,3990,3990,3990,3990,3990,3990,3990,3990,3990,3990,1725,1725,1725,1725,1725,1725,1725,1725,1725,1725,1725,1725,1725,1725,1725,7,7,7,7,7,7,7,7,7,7,7,7,7,7,7,2042,2042,2042,2042,2042,2042,2042,2042,2042,2042,2042,2042,2042,2042,2042,4005,4005,4005,4005,4005,4005,4005,4005,4005,4005
7,7,7,7,7,7,7,7,7,7,7,7,7,7,7,3934,3934,3934,3934,3934,3934,3934,3934,3934,3934,3934,3934,3934,3934,3934,2678,2678,2678,2678,2678,2678,2678,2678,2678,2678,2678,2678,2678,2678,2678,175,175,175,175,175,175,175,175,175,175,175,175,175,175,175,175,1183,1183,1183,1183,1183,1183,1183,1183,1183,1183,1183,1183,1183,1183,1183,3802,3802,3802,3802,3802,3802,3802,3802,3802,3802,3802,3802,3802,3802
8,8,8,8,8,8,8,8,8,8,8,8,8,8,3870,3870,3870,3870,3870,3870,3870,3870,3870,3870,3870,3870,3870,3870,3870,2863,2863,2863,2863,2863,2863,2863,2863,2863,2863,2863,2863,2863,2863,2863,264,264,264,264,264,264,264,264,264,264,264,264,264,264,264,264,927,927,927,927,927,927,927,927,927,927,927,927,927,927,927,3691,3691,3691,3691,3691,3691,3691,3691,3691,3691,3691,3691,3691,3691,3691
7,7,7,7,7,7,7,7,7,3296,3296,3296,3296,3296,3296,3296,3296,3296,3296,3296,3296,3296,3296,3296,3627,3627,3627,3627,3627,3627,3627,3627,3627,3627,3627,3627,3627,3627,3627,3627,927,927,927,927,927,927,927,927,927,927,927,927,927,927,927,323,323,323,323,323,323,323,323,323,323,323,323,323,323,323,2995,2995,2995,2995,2995,2995,2995,2995,2995,2995,2995,2995,2995,2995,2995,3814,3814,3814,3814,3814
8,8,8,8,8,2599,2599,2599,2599,2599,2599,2599,2599,2599,2599,2599,2599,2599,2599,2599,2599,3942,3942,3942,3942,3942,3942,3942,3942,3942,3942,3942,3942,3942,3942,3942,1506,1506,1506,1506,1506,1506,1506,1506,1506,1506,1506,1506,1506,1506,1506,48,48,48,48,48,48,48,48,48,48,48,48,48,48,48,2241,2241,2241,2241,2241,2241,2241,2241,2241,2241,2241,2241,2241,2241,2241,4007,4007,4007,4007,4007,4007,4007,4007,4007
7,7,7,7,7,7,7,7,7,7,7,7,7,3792,3792,3792,3792,3792,3792,3792,3792,3792,3792,3792,3792,3792,3792,3792,3039,3039,3039,3039,3039,3039,3039,3039,3039,3039,3039,3039,3039,3039,3039,3039,319,319,319,319,319,319,319,319,319,319,319,319,319,319,319,899,899,899,899,899,899,899,899,899,899,899,899,899,899,899,3596,3596,3596,3596,3596,3596,3596,3596,3596,3596,3596,3596,3596,3596,3596,3334
7,7,7,7,7,7,7,7,7,7,7,7,7,7,7,7,3937,3937,3937,3937,3937,3937,3937,3937,3937,3937,3937,3937,3937,3937,3937,2510,2510,2510,2510,2510,2510,2510,2510,2510,2510,2510,2510,2510,2510,2510,107,107,107,107,107,107,107,107,107,107,107,107,107,107,107,1260,1260,1260,1260,1260,1260,1260,1260,1260,1260,1260,1260,1260,1260,1260,3806,3806,3806,3806,3806,3806,3806,3806,3806,3806,3806,3806,3806,3806
7,7,7,7,7,7,7,7,7,7,7,7,7,7,7,7,3977,3977,3977,3977,3977,3977,3977,3977,3977,3977,3977,3977,3977,3977,3977,2485,2485,2485,2485,2485,2485,2485,2485,2485,2485,2485,2485,2485,2485,2485,105,105,105,105,105,105,105,105,105,105,105,105,105,105,105,105,1263,1263,1263,1263,1263,1263,1263,1263,1263,1263,1263,1263,1263,1263,1263,3869,3869,3869,3869,3869,3869,3869,3869,3869,3869,3869,3869,3869
7,7,7,7,7,7,7,7,7,7,7,7,7,3763,3763,3763,3763,3763,3763,3763,3763,3763,3763,3763,3763,3763,3763,3763,3041,3041,3041,3041,3041,3041,3041,3041,3041,3041,3041,3041,3041,3041,3041,371,371,371,371,371,371,371,371,371,371,371,371,371,371,371,744,744,744,744,744,744,744,744,744,744,744,744,744,744,744,744,3467,3467,3467,3467,3467,3467,3467,3467,3467,3467,3467,3467,3467,3467,3467,3381
7,7,7,7,7,7,7,7,7,7,7,7,7,3790,3790,3790,3790,3790,3790,3790,3790,3790,3790,3790,3790,3790,3790,3790,3040,3040,3040,3040,3040,3040,3040,3040,3040,3040,3040,3040,3040,3040,3040,3040,371,371,371,371,371,371,371,371,371,371,371,371,371,371,371,858,858,858,858,858,858,858,858,858,858,858,858,858,858,858,3591,3591,3591,3591,3591,3591,3591,3591,3591,3591,3591,3591,3591,3591,3591,3335
9,9,9,9,9,9,9,9,9,9,9,9,3654,3654,3654,3654,3654,3654,3654,3654,3654,3654,3654,3654,3654,3654,3654,3211,3211,3211,3211,3211,3211,3211,3211,3211,3211,3211,3211,3211,3211,3211,494,494,494,494,494,494,494,494,494,494,494,494,494,494,494,596,596,596,596,596,596,596,596,596,596,596,596,596,596,596,3323,3323,3323,3323,3323,3323,3323,3323,3323,3323,3323,3323,3323,3323,3323,3323,3602,3602
8,8,8,8,8,8,8,8,3137,3137,3137,3137,3137,3137,3137,3137,3137,3137,3137,3137,3137,3137,3137,3137,3735,3735,3735,3735,3735,3735,3735,3735,3735,3735,3735,3735,3735,3735,3735,1021,1021,1021,1021,1021,1021,1021,1021,1021,1021,1021,1021,1021,1021,1021,234,234,234,234,234,234,234,234,234,234,234,234,234,234,234,2818,2818,2818,2818,2818,2818,2818,2818,2818,2818,2818,2818,2818,2818,2818,3891,3891,3891,3891,3891,3891
7,7,7,7,7,7,2777,2777,2777,2777,2777,2777,2777,2777,2777,2777,2777,2777,2777,2777,2777,3903,3903,3903,3903,3903,3903,3903,3903,3903,3903,3903,3903,3903,3903,3903,1496,1496,1496,1496,1496,1496,1496,1496,1496,1496,1496,1496,1496,1496,1496,42,42,42,42,42,42,42,42,42,42,42,42,42,42,42,42,2324,2324,2324,2324,2324,2324,2324,2324,2324,2324,2324,2324,2324,2324,2324,3990,3990,3990,3990,3990,3990,3990,3990
7,7,7,7,7,7,7,7,3048,3048,3048,3048,3048,3048,3048,3048,3048,3048,3048,3048,3048,3048,3048,3747,3747,3747,3747,3747,3747,3747,3747,3747,3747,3747,3747,3747,3747,3747,1123,1123,1123,1123,1123,1123,1123,1123,1123,1123,1123,1123,1123,1123,1123,154,154,154,154,154,154,154,154,154,154,154,154,154,154,154,2631,2631,2631,2631,2631,2631,2631,2631,2631,2631,2631,2631,2631,2631,2631,2631,3939,3939,3939,3939,3939,3939
8,8,8,8,8,2598,2598,2598,2598,2598,2598,2598,2598,2598,2598,2598,2598,2598,2598,2598,2598,3939,3939,3939,3939,3939,3939,3939,3939,3939,3939,3939,3939,3939,3939,3939,1502,1502,1502,1502,1502,1502,1502,1502,1502,1502,1502,1502,1502,1502,1502,48,48,48,48,48,48,48,48,48,48,48,48,48,48,48,2242,2242,2242,2242,2242,2242,2242,2242,2242,2242,2242,2242,2242,2242,2242,2242,4007,4007,4007,4007,4007,4007,4007,4007
6,6,6,6,2283,2283,2283,2283,2283,2283,2283,2283,2283,2283,2283,2283,2283,2283,2283,3994,3994,3994,3994,3994,3994,3994,3994,3994,3994,3994,3994,3994,3994,3994,1890,1890,1890,1890,1890,1890,1890,1890,1890,1890,1890,1890,1890,1890,1890,8,8,8,8,8,8,8,8,8,8,8,8,8,8,8,8,1842,1842,1842,1842,1842,1842,1842,1842,1842,1842,1842,1842,1842,1842,1842,4000,4000,4000,4000,4000,4000,4000,4000,4000,4000
7,7,7,7,7,2598,2598,2598,2598,2598,2598,2598,2598,2598,2598,2598,2598,2598,2598,2598,3958,3958,3958,3958,3958,3958,3958,3958,3958,3958,3958,3958,3958,3958,3958,3958,1693,1693,1693,1693,1693,1693,1693,1693,1693,1693,1693,1693,1693,1693,1693,34,34,34,34,34,34,34,34,34,34,34,34,34,34,34,2239,2239,2239,2239,2239,2239,2239,2239,2239,2239,2239,2239,2239,2239,2239,4007,4007,4007,4007,4007,4007,4007,4007,4007
7,7,7,7,7,7,7,7,7,7,7,7,7,7,3870,3870,3870,3870,3870,3870,3870,3870,3870,3870,3870,3870,3870,3870,3870,2863,2863,2863,2863,2863,2863,2863,2863,2863,2863,2863,2863,2863,2863,2863,2863,264,264,264,264,264,264,264,264,264,264,264,264,264,264,264,1002,1002,1002,1002,1002,1002,1002,1002,1002,1002,1002,1002,1002,1002,1002,3704,3704,3704,3704,3704,3704,3704,3704,3704,3704,3704,3704,3704,3704,3704
7,7,7,7,7,7,7,7,7,3137,3137,3137,3137,3137,3137,3137,3137,3137,3137,3137,3137,3137,3137,3137,3650,3650,3650,3650,3650,3650,3650,3650,3650,3650,3650,3650,3650,3650,3650,947,947,947,947,947,947,947,947,947,947,947,947,947,947,947,241,241,241,241,241,241,241,241,241,241,241,241,241,241,241,2819,2819,2819,2819,2819,2819,2819,2819,2819,2819,2819,2819,2819,2819,2819,2819,3870,3870,3870,3870,3870
7,7,7,7,2405,2405,2405,2405,2405,2405,2405,2405,2405,2405,2405,2405,2405,2405,2405,3991,3991,3991,3991,3991,3991,3991,3991,3991,3991,3991,3991,3991,3991,3991,3991,1891,1891,1891,1891,1891,1891,1891,1891,1891,1891,1891,1891,1891,1891,1891,7,7,7,7,7,7,7,7,7,7,7,7,7,7,7,2037,2037,2037,2037,2037,2037,2037,2037,2037,2037,2037,2037,2037,2037,2037,4005,4005,4005,4005,4005,4005,4005,4005,4005,4005
7,7,7,7,7,7,7,7,7,7,7,3576,3576,3576,3576,3576,3576,3576,3576,3576,3576,3576,3576,3576,3576,3576,3576,3359,3359,3359,3359,3359,3359,3359,3359,3359,3359,3359,3359,3359,3359,3359,550,550,550,550,550,550,550,550,550,550,550,550,550,550,550,589,589,589,589,589,589,589,589,589,589,589,589,589,589,589,3322,3322,3322,3322,3322,3322,3322,3322,3322,3322,3322,3322,3322,3322,3322,3606,3606,3606
7,7,7,7,7,7,7,7,7,7,3316,3316,3316,3316,3316,3316,3316,3316,3316,3316,3316,3316,3316,3316,3316,3516,3516,3516,3516,3516,3516,3516,3516,3516,3516,3516,3516,3516,3516,3516,784,784,784,784,784,784,784,784,784,784,784,784,784,784,784,342,342,342,342,342,342,342,342,342,342,342,342,342,342,342,342,2996,2996,2996,2996,2996,2996,2996,2996,2996,2996,2996,2996,2996,2996,2996,3764,3764,3764,3764
7,7,7,7,7,7,7,7,7,7,7,7,7,7,7,3930,3930,3930,3930,3930,3930,3930,3930,3930,3930,3930,3930,3930,3930,3930,2678,2678,2678,2678,2678,2678,2678,2678,2678,2678,2678,2678,2678,2678,2678,175,175,175,175,175,175,175,175,175,175,175,175,175,175,175,175,1086,1086,1086,1086,1086,1086,1086,1086,1086,1086,1086,1086,1086,1086,1086,3790,3790,3790,3790,3790,3790,3790,3790,3790,3790,3790,3790,3790,3790
9,7,7,7,7,7,7,7,7,7,7,7,7,7,7,7,7,3989,3989,3989,3989,3989,3989,3989,3989,3989,3989,3989,3989,3989,3989,3989,2293,2293,2293,2293,2293,2293,2293,2293,2293,2293,2293,2293,2293,2293,2293,52,52,52,52,52,52,52,52,52,52,52,52,52,52,52,1449,1449,1449,1449,1449,1449,1449,1449,1449,1449,1449,1449,1449,1449,1449,1449,3885,3885,3885,3885,3885,3885,3885,3885,3885,3885,3885,3885
7,7,7,7,7,7,7,2967,2967,2967,2967,2967,2967,2967,2967,2967,2967,2967,2967,2967,2967,2967,2967,3829,3829,3829,3829,3829,3829,3829,3829,3829,3829,3829,3829,3829,3829,3829,1163,1163,1163,1163,1163,1163,1163,1163,1163,1163,1163,1163,1163,1163,1163,153,153,153,153,153,153,153,153,153,153,153,153,153,153,153,2631,2631,2631,2631,2631,2631,2631,2631,2631,2631,2631,2631,2631,2631,2631,3949,3949,3949,3949,3949,3949,3949
7,7,7,7,7,7,7,7,7,7,7,7,3617,3617,3617,3617,3617,3617,3617,3617,3617,3617,3617,3617,3617,3617,3617,3212,3212,3212,3212,3212,3212,3212,3212,3212,3212,3212,3212,3212,3212,3212,494,494,494,494,494,494,494,494,494,494,494,494,494,494,494,596,596,596,596,596,596,596,596,596,596,596,596,596,596,596,596,3323,3323,3323,3323,3323,3323,3323,3323,3323,3323,3323,3323,3323,3323,3323,3527,3527
7,7,7,7,7,7,7,7,7,7,7,7,7,7,7,3907,3907,3907,3907,3907,3907,3907,3907,3907,3907,3907,3907,3907,3907,3907,2680,2680,2680,2680,2680,2680,2680,2680,2680,2680,2680,2680,2680,2680,2680,175,175,175,175,175,175,175,175,175,175,175,175,175,175,175,1078,1078,1078,1078,1078,1078,1078,1078,1078,1078,1078,1078,1078,1078,1078,1078,3728,3728,3728,3728,3728,3728,3728,3728,3728,3728,3728,3728,3728,3728
9,8,8,8,8,8,8,8,8,8,8,8,8,8,8,8,3979,3979,3979,3979,3979,3979,3979,3979,3979,3979,3979,3979,3979,3979,3979,3979,2456,2456,2456,2456,2456,2456,2456,2456,2456,2456,2456,2456,2456,2456,2456,59,59,59,59,59,59,59,59,59,59,59,59,59,59,59,1448,1448,1448,1448,1448,1448,1448,1448,1448,1448,1448,1448,1448,1448,1448,3884,3884,3884,3884,3884,3884,3884,3884,3884,3884,3884,3884,3884
7,7,7,7,7,7,7,7,7,7,7,7,7,7,3871,3871,3871,3871,3871,3871,3871,3871,3871,3871,3871,3871,3871,3871,3871,2863,2863,2863,2863,2863,2863,2863,2863,2863,2863,2863,2863,2863,2863,2863,2863,265,265,265,265,265,265,265,265,265,265,265,265,265,265,265,1019,1019,1019,1019,1019,1019,1019,1019,1019,1019,1019,1019,1019,1019,1019,3703,3703,3703,3703,3703,3703,3703,3703,3703,3703,3703,3703,3703,3703,3703
7,7,7,7,7,7,7,2834,2834,2834,2834,2834,2834,2834,2834,2834,2834,2834,2834,2834,2834,2834,3838,3838,3838,3838,3838,3838,3838,3838,3838,3838,3838,3838,3838,3838,3838,1305,1305,1305,1305,1305,1305,1305,1305,1305,1305,1305,1305,1305,1305,1305,89,89,89,89,89,89,89,89,89,89,89,89,89,89,89,89,2438,2438,2438,2438,2438,2438,2438,2438,2438,2438,2438,2438,2438,2438,2438,3960,3960,3960,3960,3960,3960,3960
8,7,7,7,7,7,7,7,7,7,7,7,7,7,7,7,7,3979,3979,3979,3979,3979,3979,3979,3979,3979,3979,3979,3979,3979,3979,3979,2375,2375,2375,2375,2375,2375,2375,2375,2375,2375,2375,2375,2375,2375,2375,56,56,56,56,56,56,56,56,56,56,56,56,56,56,56,1449,1449,1449,1449,1449,1449,1449,1449,1449,1449,1449,1449,1449,1449,1449,3885,3885,3885,3885,3885,3885,3885,3885,3885,3885,3885,3885,3885
