2,2,2,2193,2193,2193,2193,2193,2193,2193,2193,2193,2193,2193,2193,2193,2193,3985,3985,3985,3985,3985,3985,3985,3985,3985,3985,3985,3985,3985,3985,3985,2471,2471,2471,2471,2471,2471,2471,2471,2471,2471,2471,2471,2471,2471,121,121,121,121,121,121,121,121,121,121,121,121,121,121,1061,1061,1061,1061,1061,1061,1061,1061,1061,1061,1061,1061,1061,1061,3576,3576,3576,3576,3576,3576,3576,3576,3576,3576,3576,3576,3576,3576,3460,3460
2,2,2,2,2,2,2,2,2,2,2,3559,3559,3559,3559,3559,3559,3559,3559,3559,3559,3559,3559,3559,3559,3482,3482,3482,3482,3482,3482,3482,3482,3482,3482,3482,3482,3482,3482,3482,936,936,936,936,936,936,936,936,936,936,936,936,936,936,195,195,195,195,195,195,195,195,195,195,195,195,195,195,2609,2609,2609,2609,2609,2609,2609,2609,2609,2609,2609,2609,2609,2609,3969,3969,3969,3969,3969,3969,3969,3969
2,2,2,2,2,2585,2585,2585,2585,2585,2585,2585,2585,2585,2585,2585,2585,2585,2585,3973,3973,3973,3973,3973,3973,3973,3973,3973,3973,3973,3973,3973,3973,2076,2076,2076,2076,2076,2076,2076,2076,2076,2076,2076,2076,2076,2076,2076,41,41,41,41,41,41,41,41,41,41,41,41,41,41,1371,1371,1371,1371,1371,1371,1371,1371,1371,1371,1371,1371,1371,1371,3779,3779,3779,3779,3779,3779,3779,3779,3779,3779,3779,3779,3779,3779
2,2,2,2,2,2,2,2,2,2,2,2,2,3773,3773,3773,3773,3773,3773,3773,3773,3773,3773,3773,3773,3773,3773,3773,3144,3144,3144,3144,3144,3144,3144,3144,3144,3144,3144,3144,3144,3144,490,490,490,490,490,490,490,490,490,490,490,490,490,490,449,449,449,449,449,449,449,449,449,449,449,449,449,449,2981,2981,2981,2981,2981,2981,2981,2981,2981,2981,2981,2981,2981,2981,3872,3872,3872,3872,3872,3872
2,2,2,2,2,2,2,2,3111,3111,3111,3111,3111,3111,3111,3111,3111,3111,3111,3111,3111,3111,3812,3812,3812,3812,3812,3812,3812,3812,3812,3812,3812,3812,3812,3812,1484,1484,1484,1484,1484,1484,1484,1484,1484,1484,1484,1484,1484,1484,4,4,4,4,4,4,4,4,4,4,4,4,4,4,1829,1829,1829,1829,1829,1829,1829,1829,1829,1829,1829,1829,1829,1829,1829,3948,3948,3948,3948,3948,3948,3948,3948,3948,3948,3948
2,2,2,2,2,2,2,2,2,2,2,2,2,2,2,3917,3917,3917,3917,3917,3917,3917,3917,3917,3917,3917,3917,3917,3917,3917,2845,2845,2845,2845,2845,2845,2845,2845,2845,2845,2845,2845,2845,2845,279,279,279,279,279,279,279,279,279,279,279,279,279,279,730,730,730,730,730,730,730,730,730,730,730,730,730,730,3305,3305,3305,3305,3305,3305,3305,3305,3305,3305,3305,3305,3305,3305,3701,3701,3701,3701
2,2,2,2,2,2,2,2952,2952,2952,2952,2952,2952,2952,2952,2952,2952,2952,2952,2952,2952,3884,3884,3884,3884,3884,3884,3884,3884,3884,3884,3884,3884,3884,3884,1679,1679,1679,1679,1679,1679,1679,1679,1679,1679,1679,1679,1679,1679,1679,4,4,4,4,4,4,4,4,4,4,4,4,4,4,1763,1763,1763,1763,1763,1763,1763,1763,1763,1763,1763,1763,1763,1763,3922,3922,3922,3922,3922,3922,3922,3922,3922,3922,3922,3922
2,2,2,2,2,2,2772,2772,2772,2772,2772,2772,2772,2772,2772,2772,2772,2772,2772,2772,2772,3926,3926,3926,3926,3926,3926,3926,3926,3926,3926,3926,3926,3926,3926,1685,1685,1685,1685,1685,1685,1685,1685,1685,1685,1685,1685,1685,1685,5,5,5,5,5,5,5,5,5,5,5,5,5,5,1631,1631,1631,1631,1631,1631,1631,1631,1631,1631,1631,1631,1631,1631,3866,3866,3866,3866,3866,3866,3866,3866,3866,3866,3866,3866,3866
2,2,2,2,2,2,2,2,3120,3120,3120,3120,3120,3120,3120,3120,3120,3120,3120,3120,3120,3120,3810,3810,3810,3810,3810,3810,3810,3810,3810,3810,3810,3810,3810,3810,1484,1484,1484,1484,1484,1484,1484,1484,1484,1484,1484,1484,1484,1484,4,4,4,4,4,4,4,4,4,4,4,4,4,4,4,1925,1925,1925,1925,1925,1925,1925,1925,1925,1925,1925,1925,1925,1925,3962,3962,3962,3962,3962,3962,3962,3962,3962,3962,3962
2,2,1995,1995,1995,1995,1995,1995,1995,1995,1995,1995,1995,1995,1995,1995,1995,3976,3976,3976,3976,3976,3976,3976,3976,3976,3976,3976,3976,3976,3976,2469,2469,2469,2469,2469,2469,2469,2469,2469,2469,2469,2469,2469,2469,165,165,165,165,165,165,165,165,165,165,165,165,165,165,895,895,895,895,895,895,895,895,895,895,895,895,895,895,3448,3448,3448,3448,3448,3448,3448,3448,3448,3448,3448,3448,3448,3448,3448,3576,3576
3,3,3,3,3,3,3,3,3,3,3,3,3,3764,3764,3764,3764,3764,3764,3764,3764,3764,3764,3764,3764,3764,3764,3188,3188,3188,3188,3188,3188,3188,3188,3188,3188,3188,3188,3188,3188,621,621,621,621,621,621,621,621,621,621,621,621,621,621,332,332,332,332,332,332,332,332,332,332,332,332,332,332,332,2803,2803,2803,2803,2803,2803,2803,2803,2803,2803,2803,2803,2803,2803,3887,3887,3887,3887,3887,3887
2,2,2,2,2,2,2,2,2,3278,3278,3278,3278,3278,3278,3278,3278,3278,3278,3278,3278,3278,3278,3716,3716,3716,3716,3716,3716,3716,3716,3716,3716,3716,3716,3716,3716,1293,1293,1293,1293,1293,1293,1293,1293,1293,1293,1293,1293,1293,1293,59,59,59,59,59,59,59,59,59,59,59,59,59,59,59,2113,2113,2113,2113,2113,2113,2113,2113,2113,2113,2113,2113,2113,2113,3985,3985,3985,3985,3985,3985,3985,3985,3985,3985
2,3,3,3,3,3,3,3,3,3,3,3,3,3,3,3917,3917,3917,3917,3917,3917,3917,3917,3917,3917,3917,3917,3917,3917,2847,2847,2847,2847,2847,2847,2847,2847,2847,2847,2847,2847,2847,2847,2847,341,341,341,341,341,341,341,341,341,341,341,341,341,341,711,711,711,711,711,711,711,711,711,711,711,711,711,711,3303,3303,3303,3303,3303,3303,3303,3303,3303,3303,3303,3303,3303,3303,3701,3701,3701,3701
2,2,2,2,2,2,2,2,2,2,2,2,3661,3661,3661,3661,3661,3661,3661,3661,3661,3661,3661,3661,3661,3661,3342,3342,3342,3342,3342,3342,3342,3342,3342,3342,3342,3342,3342,3342,771,771,771,771,771,771,771,771,771,771,771,771,771,771,230,230,230,230,230,230,230,230,230,230,230,230,230,230,2617,2617,2617,2617,2617,2617,2617,2617,2617,2617,2617,2617,2617,2617,2617,3962,3962,3962,3962,3962,3962,3962
2,2,2,2,2,2,2,2,2,2,2,2,2,2,3773,3773,3773,3773,3773,3773,3773,3773,3773,3773,3773,3773,3773,3773,3085,3085,3085,3085,3085,3085,3085,3085,3085,3085,3085,3085,3085,3085,484,484,484,484,484,484,484,484,484,484,484,484,484,484,450,450,450,450,450,450,450,450,450,450,450,450,450,450,2980,2980,2980,2980,2980,2980,2980,2980,2980,2980,2980,2980,2980,2980,3871,3871,3871,3871,3871,3871
2,2,2,2,2,2,2,2,2,2,2,2,2,3772,3772,3772,3772,3772,3772,3772,3772,3772,3772,3772,3772,3772,3772,3772,3190,3190,3190,3190,3190,3190,3190,3190,3190,3190,3190,3190,3190,3190,514,514,514,514,514,514,514,514,514,514,514,514,514,514,446,446,446,446,446,446,446,446,446,446,446,446,446,446,2979,2979,2979,2979,2979,2979,2979,2979,2979,2979,2979,2979,2979,2979,3872,3872,3872,3872,3872,3872
2,2,2,2,2,2,2,2,2,2,3426,3426,3426,3426,3426,3426,3426,3426,3426,3426,3426,3426,3426,3426,3608,3608,3608,3608,3608,3608,3608,3608,3608,3608,3608,3608,3608,3608,3608,1105,1105,1105,1105,1105,1105,1105,1105,1105,1105,1105,1105,1105,1105,128,128,128,128,128,128,128,128,128,128,128,128,128,128,2422,2422,2422,2422,2422,2422,2422,2422,2422,2422,2422,2422,2422,2422,3989,3989,3989,3989,3989,3989,3989,3989,3989
3,3,3,3,3,3,3,3,3,3,3,3,3,3,3839,3839,3839,3839,3839,3839,3839,3839,3839,3839,3839,3839,3839,3839,3023,3023,3023,3023,3023,3023,3023,3023,3023,3023,3023,3023,3023,3023,483,483,483,483,483,483,483,483,483,483,483,483,483,483,451,451,451,451,451,451,451,451,451,451,451,451,451,451,2980,2980,2980,2980,2980,2980,2980,2980,2980,2980,2980,2980,2980,2980,2980,3855,3855,3855,3855,3855
2,2,2,2,2,2,2,2,2,2,2,2,2,2,2,3918,3918,3918,3918,3918,3918,3918,3918,3918,3918,3918,3918,3918,3918,3918,2848,2848,2848,2848,2848,2848,2848,2848,2848,2848,2848,2848,2848,2848,285,285,285,285,285,285,285,285,285,285,285,285,285,285,728,728,728,728,728,728,728,728,728,728,728,728,728,728,3306,3306,3306,3306,3306,3306,3306,3306,3306,3306,3306,3306,3306,3306,3700,3700,3700,3700
3,3,3,3,3,3,3,3,3,3,3,3535,3535,3535,3535,3535,3535,3535,3535,3535,3535,3535,3535,3535,3535,3484,3484,3484,3484,3484,3484,3484,3484,3484,3484,3484,3484,3484,3484,935,935,935,935,935,935,935,935,935,935,935,935,935,935,144,144,144,144,144,144,144,144,144,144,144,144,144,144,2423,2423,2423,2423,2423,2423,2423,2423,2423,2423,2423,2423,2423,2423,2423,3983,3983,3983,3983,3983,3983,3983,3983
2,3,3,3,3,3,3,3,3,3,3,3,3,3,3,3915,3915,3915,3915,3915,3915,3915,3915,3915,3915,3915,3915,3915,3915,2847,2847,2847,2847,2847,2847,2847,2847,2847,2847,2847,2847,2847,2847,360,360,360,360,360,360,360,360,360,360,360,360,360,360,585,585,585,585,585,585,585,585,585,585,585,585,585,585,585,3226,3226,3226,3226,3226,3226,3226,3226,3226,3226,3226,3226,3226,3226,3709,3709,3709,3709
2,2,2,2,2,2,2,2,2,2,2,3521,3521,3521,3521,3521,3521,3521,3521,3521,3521,3521,3521,3521,3521,3486,3486,3486,3486,3486,3486,3486,3486,3486,3486,3486,3486,3486,3486,934,934,934,934,934,934,934,934,934,934,934,934,934,934,144,144,144,144,144,144,144,144,144,144,144,144,144,144,2423,2423,2423,2423,2423,2423,2423,2423,2423,2423,2423,2423,2423,2423,2423,3987,3987,3987,3987,3987,3987,3987,3987
2,2,2,2,2,2,2,2,2,3279,3279,3279,3279,3279,3279,3279,3279,3279,3279,3279,3279,3279,3279,3717,3717,3717,3717,3717,3717,3717,3717,3717,3717,3717,3717,3717,3717,1293,1293,1293,1293,1293,1293,1293,1293,1293,1293,1293,1293,1293,1293,60,60,60,60,60,60,60,60,60,60,60,60,60,60,60,2139,2139,2139,2139,2139,2139,2139,2139,2139,2139,2139,2139,2139,2139,3985,3985,3985,3985,3985,3985,3985,3985,3985,3985
2,2,2,2,2,2,2,2,2,2,2,3555,3555,3555,3555,3555,3555,3555,3555,3555,3555,3555,3555,3555,3555,3483,3483,3483,3483,3483,3483,3483,3483,3483,3483,3483,3483,3483,3483,936,936,936,936,936,936,936,936,936,936,936,936,936,936,145,145,145,145,145,145,145,145,145,145,145,145,145,145,145,2488,2488,2488,2488,2488,2488,2488,2488,2488,2488,2488,2488,2488,2488,3971,3971,3971,3971,3971,3971,3971,3971
2,2,2,2,2,2,2,2,2,2,2,2,2,3772,3772,3772,3772,3772,3772,3772,3772,3772,3772,3772,3772,3772,3772,3189,3189,3189,3189,3189,3189,3189,3189,3189,3189,3189,3189,3189,3189,3189,621,621,621,621,621,621,621,621,621,621,621,621,621,621,399,399,399,399,399,399,399,399,399,399,399,399,399,399,2971,2971,2971,2971,2971,2971,2971,2971,2971,2971,2971,2971,2971,2971,3873,3873,3873,3873,3873,3873
2,2,2,2,2,2489,2489,2489,2489,2489,2489,2489,2489,2489,2489,2489,2489,2489,2489,3975,3975,3975,3975,3975,3975,3975,3975,3975,3975,3975,3975,3975,3975,2075,2075,2075,2075,2075,2075,2075,2075,2075,2075,2075,2075,2075,2075,40,40,40,40,40,40,40,40,40,40,40,40,40,40,1247,1247,1247,1247,1247,1247,1247,1247,1247,1247,1247,1247,1247,1247,3692,3692,3692,3692,3692,3692,3692,3692,3692,3692,3692,3692,3692,3692,3692
2,2,2,2,2,2,2,2,2,2,2,3544,3544,3544,3544,3544,3544,3544,3544,3544,3544,3544,3544,3544,3544,3484,3484,3484,3484,3484,3484,3484,3484,3484,3484,3484,3484,3484,3484,935,935,935,935,935,935,935,935,935,935,935,935,935,935,144,144,144,144,144,144,144,144,144,144,144,144,144,144,2423,2423,2423,2423,2423,2423,2423,2423,2423,2423,2423,2423,2423,2423,2423,3980,3980,3980,3980,3980,3980,3980,3980
2,2,2,2,2,2467,2467,2467,2467,2467,2467,2467,2467,2467,2467,2467,2467,2467,2467,3975,3975,3975,3975,3975,3975,3975,3975,3975,3975,3975,3975,3975,3975,2075,2075,2075,2075,2075,2075,2075,2075,2075,2075,2075,2075,2075,2075,41,41,41,41,41,41,41,41,41,41,41,41,41,41,1247,1247,1247,1247,1247,1247,1247,1247,1247,1247,1247,1247,1247,1247,3693,3693,3693,3693,3693,3693,3693,3693,3693,3693,3693,3693,3693,3693,3693
2,2,2,2,2,2,2,2,2,2,2,2,3648,3648,3648,3648,3648,3648,3648,3648,3648,3648,3648,3648,3648,3648,3343,3343,3343,3343,3343,3343,3343,3343,3343,3343,3343,3343,3343,3343,771,771,771,771,771,771,771,771,771,771,771,771,771,771,230,230,230,230,230,230,230,230,230,230,230,230,230,230,2616,2616,2616,2616,2616,2616,2616,2616,2616,2616,2616,2616,2616,2616,2616,3969,3969,3969,3969,3969,3969,3969
2,2,2,2193,2193,2193,2193,2193,2193,2193,2193,2193,2193,2193,2193,2193,2193,3984,3984,3984,3984,3984,3984,3984,3984,3984,3984,3984,3984,3984,3984,2472,2472,2472,2472,2472,2472,2472,2472,2472,2472,2472,2472,2472,2472,2472,143,143,143,143,143,143,143,143,143,143,143,143,143,143,1052,1052,1052,1052,1052,1052,1052,1052,1052,1052,1052,1052,1052,1052,3575,3575,3575,3575,3575,3575,3575,3575,3575,3575,3575,3575,3575,3575,3461,3461
2,2,2,2,2,2499,2499,2499,2499,2499,2499,2499,2499,2499,2499,2499,2499,2499,2499,3973,3973,3973,3973,3973,3973,3973,3973,3973,3973,3973,3973,3973,3973,2075,2075,2075,2075,2075,2075,2075,2075,2075,2075,2075,2075,2075,2075,41,41,41,41,41,41,41,41,41,41,41,41,41,41,1247,1247,1247,1247,1247,1247,1247,1247,1247,1247,1247,1247,1247,1247,3693,3693,3693,3693,3693,3693,3693,3693,3693,3693,3693,3693,3693,3693,3693
2,2,2,2,2,2584,2584,2584,2584,2584,2584,2584,2584,2584,2584,2584,2584,2584,2584,2584,3974,3974,3974,3974,3974,3974,3974,3974,3974,3974,3974,3974,3974,3974,1972,1972,1972,1972,1972,1972,1972,1972,1972,1972,1972,1972,1972,1972,18,18,18,18,18,18,18,18,18,18,18,18,18,18,1435,1435,1435,1435,1435,1435,1435,1435,1435,1435,1435,1435,1435,1435,3787,3787,3787,3787,3787,3787,3787,3787,3787,3787,3787,3787,3787,3787
2,2,1992,1992,1992,1992,1992,1992,1992,1992,1992,1992,1992,1992,1992,1992,1992,3962,3962,3962,3962,3962,3962,3962,3962,3962,3962,3962,3962,3962,3962,2498,2498,2498,2498,2498,2498,2498,2498,2498,2498,2498,2498,2498,2498,168,168,168,168,168,168,168,168,168,168,168,168,168,168,895,895,895,895,895,895,895,895,895,895,895,895,895,895,3450,3450,3450,3450,3450,3450,3450,3450,3450,3450,3450,3450,3450,3450,3588,3588,3588
2,2,2,2,2,2,2,2,2,2,2,3552,3552,3552,3552,3552,3552,3552,3552,3552,3552,3552,3552,3552,3552,3482,3482,3482,3482,3482,3482,3482,3482,3482,3482,3482,3482,3482,3482,935,935,935,935,935,935,935,935,935,935,935,935,935,935,144,144,144,144,144,144,144,144,144,144,144,144,144,144,144,2424,2424,2424,2424,2424,2424,2424,2424,2424,2424,2424,2424,2424,2424,3976,3976,3976,3976,3976,3976,3976,3976
3,3,3,2190,2190,2190,2190,2190,2190,2190,2190,2190,2190,2190,2190,2190,2190,3985,3985,3985,3985,3985,3985,3985,3985,3985,3985,3985,3985,3985,3985,2472,2472,2472,2472,2472,2472,2472,2472,2472,2472,2472,2472,2472,2472,164,164,164,164,164,164,164,164,164,164,164,164,164,164,164,933,933,933,933,933,933,933,933,933,933,933,933,933,933,3562,3562,3562,3562,3562,3562,3562,3562,3562,3562,3562,3562,3562,3562,3460,3460
2,2,2,2,2391,2391,2391,2391,2391,2391,2391,2391,2391,2391,2391,2391,2391,2391,3988,3988,3988,3988,3988,3988,3988,3988,3988,3988,3988,3988,3988,3988,3988,2208,2208,2208,2208,2208,2208,2208,2208,2208,2208,2208,2208,2208,2208,50,50,50,50,50,50,50,50,50,50,50,50,50,50,1247,1247,1247,1247,1247,1247,1247,1247,1247,1247,1247,1247,1247,1247,3693,3693,3693,3693,3693,3693,3693,3693,3693,3693,3693,3693,3693,3693,3317
2,2,2,2,2,2,2,2,3121,3121,3121,3121,3121,3121,3121,3121,3121,3121,3121,3121,3121,3121,3810,3810,3810,3810,3810,3810,3810,3810,3810,3810,3810,3810,3810,3810,1483,1483,1483,1483,1483,1483,1483,1483,1483,1483,1483,1483,1483,1483,1483,3,3,3,3,3,3,3,3,3,3,3,3,3,3,2019,2019,2019,2019,2019,2019,2019,2019,2019,2019,2019,2019,2019,2019,3965,3965,3965,3965,3965,3965,3965,3965,3965,3965,3965
2,2,2,2,2,2,2,2,2,2,2,2,2,2,3854,3854,3854,3854,3854,3854,3854,3854,3854,3854,3854,3854,3854,3854,3023,3023,3023,3023,3023,3023,3023,3023,3023,3023,3023,3023,3023,3023,484,484,484,484,484,484,484,484,484,484,484,484,484,484,484,466,466,466,466,466,466,466,466,466,466,466,466,466,466,3131,3131,3131,3131,3131,3131,3131,3131,3131,3131,3131,3131,3131,3131,3798,3798,3798,3798,3798
2,2,2,2,2,2,2,2,2,2,2,2,2,3772,3772,3772,3772,3772,3772,3772,3772,3772,3772,3772,3772,3772,3772,3772,3148,3148,3148,3148,3148,3148,3148,3148,3148,3148,3148,3148,3148,3148,491,491,491,491,491,491,491,491,491,491,491,491,491,491,449,449,449,449,449,449,449,449,449,449,449,449,449,449,2981,2981,2981,2981,2981,2981,2981,2981,2981,2981,2981,2981,2981,2981,3871,3871,3871,3871,3871,3871
2,2,2,2,2,2,2763,2763,2763,2763,2763,2763,2763,2763,2763,2763,2763,2763,2763,2763,3940,3940,3940,3940,3940,3940,3940,3940,3940,3940,3940,3940,3940,3940,1877,1877,1877,1877,1877,1877,1877,1877,1877,1877,1877,1877,1877,1877,9,9,9,9,9,9,9,9,9,9,9,9,9,9,1436,1436,1436,1436,1436,1436,1436,1436,1436,1436,1436,1436,1436,1436,1436,3804,3804,3804,3804,3804,3804,3804,3804,3804,3804,3804,3804,3804
2,2,2,2,2,2,2771,2771,2771,2771,2771,2771,2771,2771,2771,2771,2771,2771,2771,2771,3938,3938,3938,3938,3938,3938,3938,3938,3938,3938,3938,3938,3938,3938,1877,1877,1877,1877,1877,1877,1877,1877,1877,1877,1877,1877,1877,1877,12,8,8,8,8,8,8,8,8,8,8,8,8,8,8,1548,1548,1548,1548,1548,1548,1548,1548,1548,1548,1548,1548,1548,1548,3858,3858,3858,3858,3858,3858,3858,3858,3858,3858,3858,3858,3858
2,2,2,2,2,2,2,2,2,2,2,3427,3427,3427,3427,3427,3427,3427,3427,3427,3427,3427,3427,3427,3427,3550,3550,3550,3550,3550,3550,3550,3550,3550,3550,3550,3550,3550,3550,936,936,936,936,936,936,936,936,936,936,936,936,936,936,142,142,142,142,142,142,142,142,142,142,142,142,142,142,2424,2424,2424,2424,2424,2424,2424,2424,2424,2424,2424,2424,2424,2424,3988,3988,3988,3988,3988,3988,3988,3988,3988
2,2,2,2,2,2,2,2,2,2,2,2,2,3772,3772,3772,3772,3772,3772,3772,3772,3772,3772,3772,3772,3772,3772,3772,3168,3168,3168,3168,3168,3168,3168,3168,3168,3168,3168,3168,3168,3168,499,499,499,499,499,499,499,499,499,499,499,499,499,499,447,447,447,447,447,447,447,447,447,447,447,447,447,447,2980,2980,2980,2980,2980,2980,2980,2980,2980,2980,2980,2980,2980,2980,3871,3871,3871,3871,3871,3871
3,2,2,2,2,2,2,2,2,2,2,2,2,2,2,3918,3918,3918,3918,3918,3918,3918,3918,3918,3918,3918,3918,3918,3918,3918,2848,2848,2848,2848,2848,2848,2848,2848,2848,2848,2848,2848,2848,2848,299,299,299,299,299,299,299,299,299,299,299,299,299,299,726,726,726,726,726,726,726,726,726,726,726,726,726,726,3305,3305,3305,3305,3305,3305,3305,3305,3305,3305,3305,3305,3305,3305,3701,3701,3701,3701
2,2,2,2,2389,2389,2389,2389,2389,2389,2389,2389,2389,2389,2389,2389,2389,2389,3989,3989,3989,3989,3989,3989,3989,3989,3989,3989,3989,3989,3989,3989,2275,2275,2275,2275,2275,2275,2275,2275,2275,2275,2275,2275,2275,2275,94,94,94,94,94,94,94,94,94,94,94,94,94,94,94,1066,1066,1066,1066,1066,1066,1066,1066,1066,1066,1066,1066,1066,1066,3654,3654,3654,3654,3654,3654,3654,3654,3654,3654,3654,3654,3654,3654,3320
3,2,2,2,2,2,2,2,2,2,2,2,2,2,2,3917,3917,3917,3917,3917,3917,3917,3917,3917,3917,3917,3917,3917,3917,2848,2848,2848,2848,2848,2848,2848,2848,2848,2848,2848,2848,2848,2848,2848,308,308,308,308,308,308,308,308,308,308,308,308,308,308,726,726,726,726,726,726,726,726,726,726,726,726,726,726,3305,3305,3305,3305,3305,3305,3305,3305,3305,3305,3305,3305,3305,3305,3700,3700,3700,3700
2,2,2,2,2,2,2,2,2,2,2,2,2,2,2,3901,3901,3901,3901,3901,3901,3901,3901,3901,3901,3901,3901,3901,3901,2846,2846,2846,2846,2846,2846,2846,2846,2846,2846,2846,2846,2846,2846,360,360,360,360,360,360,360,360,360,360,360,360,360,360,585,585,585,585,585,585,585,585,585,585,585,585,585,585,3149,3149,3149,3149,3149,3149,3149,3149,3149,3149,3149,3149,3149,3149,3149,3779,3779,3779,3779
3,3,3,3,3,3,3,3,3,3,3427,3427,3427,3427,3427,3427,3427,3427,3427,3427,3427,3427,3427,3427,3608,3608,3608,3608,3608,3608,3608,3608,3608,3608,3608,3608,3608,3608,1110,1110,1110,1110,1110,1110,1110,1110,1110,1110,1110,1110,1110,1110,1110,78,78,78,78,78,78,78,78,78,78,78,78,78,78,2359,2359,2359,2359,2359,2359,2359,2359,2359,2359,2359,2359,2359,2359,3988,3988,3988,3988,3988,3988,3988,3988,3988
3,3,3,3,3,2569,2569,2569,2569,2569,2569,2569,2569,2569,2569,2569,2569,2569,2569,3973,3973,3973,3973,3973,3973,3973,3973,3973,3973,3973,3973,3973,3973,2077,2077,2077,2077,2077,2077,2077,2077,2077,2077,2077,2077,2077,2077,41,41,41,41,41,41,41,41,41,41,41,41,41,41,41,1247,1247,1247,1247,1247,1247,1247,1247,1247,1247,1247,1247,1247,1247,3753,3753,3753,3753,3753,3753,3753,3753,3753,3753,3753,3753,3753,3753
2,2,2,2,2,2,2584,2584,2584,2584,2584,2584,2584,2584,2584,2584,2584,2584,2584,2584,3949,3949,3949,3949,3949,3949,3949,3949,3949,3949,3949,3949,3949,3949,1874,1874,1874,1874,1874,1874,1874,1874,1874,1874,1874,1874,1874,1874,11,11,11,11,11,11,11,11,11,11,11,11,11,11,1435,1435,1435,1435,1435,1435,1435,1435,1435,1435,1435,1435,1435,1435,3787,3787,3787,3787,3787,3787,3787,3787,3787,3787,3787,3787,3787,3787
2,2,2,2,2,2,2771,2771,2771,2771,2771,2771,2771,2771,2771,2771,2771,2771,2771,2771,3940,3940,3940,3940,3940,3940,3940,3940,3940,3940,3940,3940,3940,3940,1878,1878,1878,1878,1878,1878,1878,1878,1878,1878,1878,1878,1878,1878,7,7,7,7,7,7,7,7,7,7,7,7,7,7,7,1522,1522,1522,1522,1522,1522,1522,1522,1522,1522,1522,1522,1522,1522,3855,3855,3855,3855,3855,3855,3855,3855,3855,3855,3855,3855,3855
2,2,2,2,2,2,2,2,2,3279,3279,3279,3279,3279,3279,3279,3279,3279,3279,3279,3279,3279,3279,3717,3717,3717,3717,3717,3717,3717,3717,3717,3717,3717,3717,3717,3717,1293,1293,1293,1293,1293,1293,1293,1293,1293,1293,1293,1293,1293,1293,1293,64,64,64,64,64,64,64,64,64,64,64,64,64,64,2202,2202,2202,2202,2202,2202,2202,2202,2202,2202,2202,2202,2202,2202,3986,3986,3986,3986,3986,3986,3986,3986,3986,3986
3,3,3,3,3,3,3,2951,2951,2951,2951,2951,2951,2951,2951,2951,2951,2951,2951,2951,2951,3883,3883,3883,3883,3883,3883,3883,3883,3883,3883,3883,3883,3883,3883,3883,1644,1644,1644,1644,1644,1644,1644,1644,1644,1644,1644,1644,1644,1644,4,4,4,4,4,4,4,4,4,4,4,4,4,4,1827,1827,1827,1827,1827,1827,1827,1827,1827,1827,1827,1827,1827,1827,3927,3927,3927,3927,3927,3927,3927,3927,3927,3927,3927,3927
3,3,3,3,2217,2217,2217,2217,2217,2217,2217,2217,2217,2217,2217,2217,2217,2217,3987,3987,3987,3987,3987,3987,3987,3987,3987,3987,3987,3987,3987,3987,2273,2273,2273,2273,2273,2273,2273,2273,2273,2273,2273,2273,2273,2273,94,94,94,94,94,94,94,94,94,94,94,94,94,94,1066,1066,1066,1066,1066,1066,1066,1066,1066,1066,1066,1066,1066,1066,3578,3578,3578,3578,3578,3578,3578,3578,3578,3578,3578,3578,3578,3578,3578,3461
2,2,2,2,2194,2194,2194,2194,2194,2194,2194,2194,2194,2194,2194,2194,2194,2194,3987,3987,3987,3987,3987,3987,3987,3987,3987,3987,3987,3987,3987,3987,2272,2272,2272,2272,2272,2272,2272,2272,2272,2272,2272,2272,2272,2272,94,94,94,94,94,94,94,94,94,94,94,94,94,94,1066,1066,1066,1066,1066,1066,1066,1066,1066,1066,1066,1066,1066,1066,3578,3578,3578,3578,3578,3578,3578,3578,3578,3578,3578,3578,3578,3578,3578,3459
2,2,2,2,2,2,2,2951,2951,2951,2951,2951,2951,2951,2951,2951,2951,2951,2951,2951,2951,2951,3883,3883,3883,3883,3883,3883,3883,3883,3883,3883,3883,3883,3883,3883,1551,1551,1551,1551,1551,1551,1551,1551,1551,1551,1551,1551,1551,1551,4,4,4,4,4,4,4,4,4,4,4,4,4,4,1829,1829,1829,1829,1829,1829,1829,1829,1829,1829,1829,1829,1829,1829,3927,3927,3927,3927,3927,3927,3927,3927,3927,3927,3927,3927
2,2,927,927,927,927,927,927,927,927,927,927,927,927,927,927,3962,3962,3962,3962,3962,3962,3962,3962,3962,3962,3962,3962,3962,3962,2663,2663,2663,2663,2663,2663,2663,2663,2663,2663,2663,2663,2663,2663,254,254,254,254,254,254,254,254,254,254,254,254,254,254,254,755,755,755,755,755,755,755,755,755,755,755,755,755,755,3427,3427,3427,3427,3427,3427,3427,3427,3427,3427,3427,3427,3427,3427,3590,3590,3590
3,3,3,3,3,3,3,3,3,3,3,3,3,3,3852,3852,3852,3852,3852,3852,3852,3852,3852,3852,3852,3852,3852,3852,3022,3022,3022,3022,3022,3022,3022,3022,3022,3022,3022,3022,3022,3022,482,482,482,482,482,482,482,482,482,482,482,482,482,482,450,450,450,450,450,450,450,450,450,450,450,450,450,450,450,3053,3053,3053,3053,3053,3053,3053,3053,3053,3053,3053,3053,3053,3053,3804,3804,3804,3804,3804
2,2,2,2,2,2,2,2,2,3251,3251,3251,3251,3251,3251,3251,3251,3251,3251,3251,3251,3251,3251,3722,3722,3722,3722,3722,3722,3722,3722,3722,3722,3722,3722,3722,3722,1292,1292,1292,1292,1292,1292,1292,1292,1292,1292,1292,1292,1292,1292,10,10,10,10,10,10,10,10,10,10,10,10,10,10,2028,2028,2028,2028,2028,2028,2028,2028,2028,2028,2028,2028,2028,2028,2028,3968,3968,3968,3968,3968,3968,3968,3968,3968,3968
3,3,3,3,3,3,3,3,3,3,3,3,3,3730,3730,3730,3730,3730,3730,3730,3730,3730,3730,3730,3730,3730,3730,3191,3191,3191,3191,3191,3191,3191,3191,3191,3191,3191,3191,3191,3191,620,620,620,620,620,620,620,620,620,620,620,620,620,620,332,332,332,332,332,332,332,332,332,332,332,332,332,332,2803,2803,2803,2803,2803,2803,2803,2803,2803,2803,2803,2803,2803,2803,3930,3930,3930,3930,3930,3930,3930
1,1,1,1,1,1,1,1,1,1,1,1,3614,3614,3614,3614,3614,3614,3614,3614,3614,3614,3614,3614,3614,3614,3347,3347,3347,3347,3347,3347,3347,3347,3347,3347,3347,3347,3347,3347,770,770,770,770,770,770,770,770,770,770,770,770,770,770,229,229,229,229,229,229,229,229,229,229,229,229,229,229,2616,2616,2616,2616,2616,2616,2616,2616,2616,2616,2616,2616,2616,2616,3969,3969,3969,3969,3969,3969,3969,3969
2,2,2,2193,2193,2193,2193,2193,2193,2193,2193,2193,2193,2193,2193,2193,2193,2193,3986,3986,3986,3986,3986,3986,3986,3986,3986,3986,3986,3986,3986,3986,2283,2283,2283,2283,2283,2283,2283,2283,2283,2283,2283,2283,2283,2283,95,95,95,95,95,95,95,95,95,95,95,95,95,95,1067,1067,1067,1067,1067,1067,1067,1067,1067,1067,1067,1067,1067,1067,3578,3578,3578,3578,3578,3578,3578,3578,3578,3578,3578,3578,3578,3578,3578,3461
3,3,3,3,2384,2384,2384,2384,2384,2384,2384,2384,2384,2384,2384,2384,2384,2384,3989,3989,3989,3989,3989,3989,3989,3989,3989,3989,3989,3989,3989,3989,2275,2275,2275,2275,2275,2275,2275,2275,2275,2275,2275,2275,2275,2275,94,94,94,94,94,94,94,94,94,94,94,94,94,94,94,1066,1066,1066,1066,1066,1066,1066,1066,1066,1066,1066,1066,1066,1066,3648,3648,3648,3648,3648,3648,3648,3648,3648,3648,3648,3648,3648,3648,3320
2,2,2,2,2391,2391,2391,2391,2391,2391,2391,2391,2391,2391,2391,2391,2391,2391,3989,3989,3989,3989,3989,3989,3989,3989,3989,3989,3989,3989,3989,3989,3989,2173,2173,2173,2173,2173,2173,2173,2173,2173,2173,2173,2173,2173,2173,46,46,46,46,46,46,46,46,46,46,46,46,46,46,1247,1247,1247,1247,1247,1247,1247,1247,1247,1247,1247,1247,1247,1247,3691,3691,3691,3691,3691,3691,3691,3691,3691,3691,3691,3691,3691,3691,3317
2,2,2,2,2,2,2,2,2,2,2,2,2,2,3852,3852,3852,3852,3852,3852,3852,3852,3852,3852,3852,3852,3852,3852,3024,3024,3024,3024,3024,3024,3024,3024,3024,3024,3024,3024,3024,3024,483,483,483,483,483,483,483,483,483,483,483,483,483,483,451,451,451,451,451,451,451,451,451,451,451,451,451,451,451,3058,3058,3058,3058,3058,3058,3058,3058,3058,3058,3058,3058,3058,3058,3803,3803,3803,3803,3803
2,2,2,2,2391,2391,2391,2391,2391,2391,2391,2391,2391,2391,2391,2391,2391,2391,2391,3983,3983,3983,3983,3983,3983,3983,3983,3983,3983,3983,3983,3983,3983,2080,2080,2080,2080,2080,2080,2080,2080,2080,2080,2080,2080,2080,2080,42,42,42,42,42,42,42,42,42,42,42,42,42,42,1248,1248,1248,1248,1248,1248,1248,1248,1248,1248,1248,1248,1248,1248,3692,3692,3692,3692,3692,3692,3692,3692,3692,3692,3692,3692,3692,3692,3317
2,2,2,2,2,2,2,2,2,2,2,2,2,3770,3770,3770,3770,3770,3770,3770,3770,3770,3770,3770,3770,3770,3770,3189,3189,3189,3189,3189,3189,3189,3189,3189,3189,3189,3189,3189,3189,621,621,621,621,621,621,621,621,621,621,621,621,621,621,332,332,332,332,332,332,332,332,332,332,332,332,332,332,332,2896,2896,2896,2896,2896,2896,2896,2896,2896,2896,2896,2896,2896,2896,3878,3878,3878,3878,3878,3878
1,1,1,1,1,1,1,1,1,1,1,3550,3550,3550,3550,3550,3550,3550,3550,3550,3550,3550,3550,3550,3550,3483,3483,3483,3483,3483,3483,3483,3483,3483,3483,3483,3483,3483,3483,936,936,936,936,936,936,936,936,936,936,936,936,936,936,144,144,144,144,144,144,144,144,144,144,144,144,144,144,144,2423,2423,2423,2423,2423,2423,2423,2423,2423,2423,2423,2423,2423,2423,3977,3977,3977,3977,3977,3977,3977,3977
3,3,3,3,3,2584,2584,2584,2584,2584,2584,2584,2584,2584,2584,2584,2584,2584,2584,3973,3973,3973,3973,3973,3973,3973,3973,3973,3973,3973,3973,3973,3973,2077,2077,2077,2077,2077,2077,2077,2077,2077,2077,2077,2077,2077,2077,2077,39,39,39,39,39,39,39,39,39,39,39,39,39,39,1407,1407,1407,1407,1407,1407,1407,1407,1407,1407,1407,1407,1407,1407,3781,3781,3781,3781,3781,3781,3781,3781,3781,3781,3781,3781,3781,3781
2,2,2,2,2,2,2,2,2,2,3280,3280,3280,3280,3280,3280,3280,3280,3280,3280,3280,3280,3280,3280,3653,3653,3653,3653,3653,3653,3653,3653,3653,3653,3653,3653,3653,3653,1108,1108,1108,1108,1108,1108,1108,1108,1108,1108,1108,1108,1108,1108,79,79,79,79,79,79,79,79,79,79,79,79,79,79,2226,2226,2226,2226,2226,2226,2226,2226,2226,2226,2226,2226,2226,2226,3987,3987,3987,3987,3987,3987,3987,3987,3987,3987
2,2,2,2,2,2,2,2,2,3280,3280,3280,3280,3280,3280,3280,3280,3280,3280,3280,3280,3280,3280,3718,3718,3718,3718,3718,3718,3718,3718,3718,3718,3718,3718,3718,3718,1293,1293,1293,1293,1293,1293,1293,1293,1293,1293,1293,1293,1293,1293,1293,62,62,62,62,62,62,62,62,62,62,62,62,62,62,2199,2199,2199,2199,2199,2199,2199,2199,2199,2199,2199,2199,2199,2199,3986,3986,3986,3986,3986,3986,3986,3986,3986,3986
2,2,1489,1489,1489,1489,1489,1489,1489,1489,1489,1489,1489,1489,1489,1489,3961,3961,3961,3961,3961,3961,3961,3961,3961,3961,3961,3961,3961,3961,2663,2663,2663,2663,2663,2663,2663,2663,2663,2663,2663,2663,2663,2663,2663,241,241,241,241,241,241,241,241,241,241,241,241,241,241,871,871,871,871,871,871,871,871,871,871,871,871,871,871,3446,3446,3446,3446,3446,3446,3446,3446,3446,3446,3446,3446,3446,3446,3588,3588,3588
2,2,2,2,2,2,2,2951,2951,2951,2951,2951,2951,2951,2951,2951,2951,2951,2951,2951,2951,3883,3883,3883,3883,3883,3883,3883,3883,3883,3883,3883,3883,3883,3883,3883,1680,1680,1680,1680,1680,1680,1680,1680,1680,1680,1680,1680,1680,1680,4,4,4,4,4,4,4,4,4,4,4,4,4,4,1824,1824,1824,1824,1824,1824,1824,1824,1824,1824,1824,1824,1824,1824,3924,3924,3924,3924,3924,3924,3924,3924,3924,3924,3924,3924
2,2,2,2,2,2,2,2,2,2,2,3555,3555,3555,3555,3555,3555,3555,3555,3555,3555,3555,3555,3555,3555,3482,3482,3482,3482,3482,3482,3482,3482,3482,3482,3482,3482,3482,3482,935,935,935,935,935,935,935,935,935,935,935,935,935,935,145,145,145,145,145,145,145,145,145,145,145,145,145,145,145,2462,2462,2462,2462,2462,2462,2462,2462,2462,2462,2462,2462,2462,2462,3972,3972,3972,3972,3972,3972,3972,3972
2,2,2,2,2248,2248,2248,2248,2248,2248,2248,2248,2248,2248,2248,2248,2248,2248,3988,3988,3988,3988,3988,3988,3988,3988,3988,3988,3988,3988,3988,3988,2274,2274,2274,2274,2274,2274,2274,2274,2274,2274,2274,2274,2274,2274,94,94,94,94,94,94,94,94,94,94,94,94,94,94,1066,1066,1066,1066,1066,1066,1066,1066,1066,1066,1066,1066,1066,1066,3577,3577,3577,3577,3577,3577,3577,3577,3577,3577,3577,3577,3577,3577,3577,3399
2,2,2,2,2,2,2,2,2,2,2,2,2,2,2,3918,3918,3918,3918,3918,3918,3918,3918,3918,3918,3918,3918,3918,3918,3918,2796,2796,2796,2796,2796,2796,2796,2796,2796,2796,2796,2796,2796,2796,265,265,265,265,265,265,265,265,265,265,265,265,265,265,732,732,732,732,732,732,732,732,732,732,732,732,732,732,3306,3306,3306,3306,3306,3306,3306,3306,3306,3306,3306,3306,3306,3306,3699,3699,3699,3699
2,2,2,2,2,2,2,2,2,3274,3274,3274,3274,3274,3274,3274,3274,3274,3274,3274,3274,3274,3274,3717,3717,3717,3717,3717,3717,3717,3717,3717,3717,3717,3717,3717,3717,1292,1292,1292,1292,1292,1292,1292,1292,1292,1292,1292,1292,1292,1292,27,27,27,27,27,27,27,27,27,27,27,27,27,27,27,2029,2029,2029,2029,2029,2029,2029,2029,2029,2029,2029,2029,2029,2029,3981,3981,3981,3981,3981,3981,3981,3981,3981,3981
2,2,2,2,2,2,2,2,2,2,2,2,2,3771,3771,3771,3771,3771,3771,3771,3771,3771,3771,3771,3771,3771,3771,3189,3189,3189,3189,3189,3189,3189,3189,3189,3189,3189,3189,3189,3189,621,621,621,621,621,621,621,621,621,621,621,621,621,621,621,343,343,343,343,343,343,343,343,343,343,343,343,343,343,2949,2949,2949,2949,2949,2949,2949,2949,2949,2949,2949,2949,2949,2949,3874,3874,3874,3874,3874,3874
2,2,2,2192,2192,2192,2192,2192,2192,2192,2192,2192,2192,2192,2192,2192,2192,3984,3984,3984,3984,3984,3984,3984,3984,3984,3984,3984,3984,3984,3984,2470,2470,2470,2470,2470,2470,2470,2470,2470,2470,2470,2470,2470,2470,164,164,164,164,164,164,164,164,164,164,164,164,164,164,164,895,895,895,895,895,895,895,895,895,895,895,895,895,895,3542,3542,3542,3542,3542,3542,3542,3542,3542,3542,3542,3542,3542,3542,3464,3464
2,2,2,2,2,2530,2530,2530,2530,2530,2530,2530,2530,2530,2530,2530,2530,2530,2530,3975,3975,3975,3975,3975,3975,3975,3975,3975,3975,3975,3975,3975,3975,2075,2075,2075,2075,2075,2075,2075,2075,2075,2075,2075,2075,2075,2075,41,41,41,41,41,41,41,41,41,41,41,41,41,41,1248,1248,1248,1248,1248,1248,1248,1248,1248,1248,1248,1248,1248,1248,1248,3692,3692,3692,3692,3692,3692,3692,3692,3692,3692,3692,3692,3692,3692
2,2,2,2,2,2,2,2951,2951,2951,2951,2951,2951,2951,2951,2951,2951,2951,2951,2951,2951,3883,3883,3883,3883,3883,3883,3883,3883,3883,3883,3883,3883,3883,3883,3883,1650,1650,1650,1650,1650,1650,1650,1650,1650,1650,1650,1650,1650,1650,3,3,3,3,3,3,3,3,3,3,3,3,3,3,1828,1828,1828,1828,1828,1828,1828,1828,1828,1828,1828,1828,1828,1828,3927,3927,3927,3927,3927,3927,3927,3927,3927,3927,3927,3927
2,2,2,2,2391,2391,2391,2391,2391,2391,2391,2391,2391,2391,2391,2391,2391,2391,3988,3988,3988,3988,3988,3988,3988,3988,3988,3988,3988,3988,3988,3988,2276,2276,2276,2276,2276,2276,2276,2276,2276,2276,2276,2276,2276,2276,2276,92,92,92,92,92,92,92,92,92,92,92,92,92,92,1201,1201,1201,1201,1201,1201,1201,1201,1201,1201,1201,1201,1201,1201,3685,3685,3685,3685,3685,3685,3685,3685,3685,3685,3685,3685,3685,3685,3318
3,3,3,3,3,3,3,3,3,3,3422,3422,3422,3422,3422,3422,3422,3422,3422,3422,3422,3422,3422,3422,3608,3608,3608,3608,3608,3608,3608,3608,3608,3608,3608,3608,3608,3608,1110,1110,1110,1110,1110,1110,1110,1110,1110,1110,1110,1110,1110,1110,79,79,79,79,79,79,79,79,79,79,79,79,79,79,79,2227,2227,2227,2227,2227,2227,2227,2227,2227,2227,2227,2227,2227,2227,3988,3988,3988,3988,3988,3988,3988,3988,3988
2,2,2,2,2,2584,2584,2584,2584,2584,2584,2584,2584,2584,2584,2584,2584,2584,2584,2584,3974,3974,3974,3974,3974,3974,3974,3974,3974,3974,3974,3974,3974,3974,1983,1983,1983,1983,1983,1983,1983,1983,1983,1983,1983,1983,1983,1983,19,19,19,19,19,19,19,19,19,19,19,19,19,19,1435,1435,1435,1435,1435,1435,1435,1435,1435,1435,1435,1435,1435,1435,3787,3787,3787,3787,3787,3787,3787,3787,3787,3787,3787,3787,3787,3787
2,2,2,2,2388,2388,2388,2388,2388,2388,2388,2388,2388,2388,2388,2388,2388,2388,3989,3989,3989,3989,3989,3989,3989,3989,3989,3989,3989,3989,3989,3989,2275,2275,2275,2275,2275,2275,2275,2275,2275,2275,2275,2275,2275,2275,94,94,94,94,94,94,94,94,94,94,94,94,94,94,1066,1066,1066,1066,1066,1066,1066,1066,1066,1066,1066,1066,1066,1066,1066,3611,3611,3611,3611,3611,3611,3611,3611,3611,3611,3611,3611,3611,3611,3337
2,2,2,2,2,2,2,2,2,2,2,3559,3559,3559,3559,3559,3559,3559,3559,3559,3559,3559,3559,3559,3559,3483,3483,3483,3483,3483,3483,3483,3483,3483,3483,3483,3483,3483,3483,3483,915,915,915,915,915,915,915,915,915,915,915,915,915,915,211,211,211,211,211,211,211,211,211,211,211,211,211,211,2614,2614,2614,2614,2614,2614,2614,2614,2614,2614,2614,2614,2614,2614,3969,3969,3969,3969,3969,3969,3969,3969
2,2,2,2,2,2,2,2951,2951,2951,2951,2951,2951,2951,2951,2951,2951,2951,2951,2951,2951,3883,3883,3883,3883,3883,3883,3883,3883,3883,3883,3883,3883,3883,3883,1680,1680,1680,1680,1680,1680,1680,1680,1680,1680,1680,1680,1680,1680,3,3,3,3,3,3,3,3,3,3,3,3,3,3,3,1707,1707,1707,1707,1707,1707,1707,1707,1707,1707,1707,1707,1707,1707,3919,3919,3919,3919,3919,3919,3919,3919,3919,3919,3919,3919
2,2,2,2,2,2,2,2950,2950,2950,2950,2950,2950,2950,2950,2950,2950,2950,2950,2950,2950,3883,3883,3883,3883,3883,3883,3883,3883,3883,3883,3883,3883,3883,3883,1680,1680,1680,1680,1680,1680,1680,1680,1680,1680,1680,1680,1680,1680,1680,3,3,3,3,3,3,3,3,3,3,3,3,3,3,1811,1811,1811,1811,1811,1811,1811,1811,1811,1811,1811,1811,1811,1811,3925,3925,3925,3925,3925,3925,3925,3925,3925,3925,3925,3925
2,2,2,2,2,2,2,2,2,2,3299,3299,3299,3299,3299,3299,3299,3299,3299,3299,3299,3299,3299,3299,3629,3629,3629,3629,3629,3629,3629,3629,3629,3629,3629,3629,3629,3629,1108,1108,1108,1108,1108,1108,1108,1108,1108,1108,1108,1108,1108,1108,78,78,78,78,78,78,78,78,78,78,78,78,78,78,2227,2227,2227,2227,2227,2227,2227,2227,2227,2227,2227,2227,2227,2227,3988,3988,3988,3988,3988,3988,3988,3988,3988,3988
2,2,2,2,2,2584,2584,2584,2584,2584,2584,2584,2584,2584,2584,2584,2584,2584,2584,3973,3973,3973,3973,3973,3973,3973,3973,3973,3973,3973,3973,3973,3973,3973,2075,2075,2075,2075,2075,2075,2075,2075,2075,2075,2075,2075,2075,2075,25,25,25,25,25,25,25,25,25,25,25,25,25,25,1432,1432,1432,1432,1432,1432,1432,1432,1432,1432,1432,1432,1432,1432,3786,3786,3786,3786,3786,3786,3786,3786,3786,3786,3786,3786,3786,3786
2,2,2,2,2,2584,2584,2584,2584,2584,2584,2584,2584,2584,2584,2584,2584,2584,2584,3974,3974,3974,3974,3974,3974,3974,3974,3974,3974,3974,3974,3974,3974,2077,2077,2077,2077,2077,2077,2077,2077,2077,2077,2077,2077,2077,2077,41,41,41,41,41,41,41,41,41,41,41,41,41,41,41,1265,1265,1265,1265,1265,1265,1265,1265,1265,1265,1265,1265,1265,1265,3764,3764,3764,3764,3764,3764,3764,3764,3764,3764,3764,3764,3764,3764
2,2,2,2,2,2,2,2,2,2,2,2,2,2,2,3916,3916,3916,3916,3916,3916,3916,3916,3916,3916,3916,3916,3916,3916,2847,2847,2847,2847,2847,2847,2847,2847,2847,2847,2847,2847,2847,2847,2847,360,360,360,360,360,360,360,360,360,360,360,360,360,360,658,658,658,658,658,658,658,658,658,658,658,658,658,658,3294,3294,3294,3294,3294,3294,3294,3294,3294,3294,3294,3294,3294,3294,3703,3703,3703,3703
2,2,2,2,2,2,2,2,2,2,2,3558,3558,3558,3558,3558,3558,3558,3558,3558,3558,3558,3558,3558,3558,3558,3482,3482,3482,3482,3482,3482,3482,3482,3482,3482,3482,3482,3482,3482,819,819,819,819,819,819,819,819,819,819,819,819,819,819,223,223,223,223,223,223,223,223,223,223,223,223,223,223,2616,2616,2616,2616,2616,2616,2616,2616,2616,2616,2616,2616,2616,2616,3971,3971,3971,3971,3971,3971,3971,3971
2,2,2,2,2,2,2771,2771,2771,2771,2771,2771,2771,2771,2771,2771,2771,2771,2771,2771,3939,3939,3939,3939,3939,3939,3939,3939,3939,3939,3939,3939,3939,3939,3939,1871,1871,1871,1871,1871,1871,1871,1871,1871,1871,1871,1871,1871,1871,7,7,7,7,7,7,7,7,7,7,7,7,7,7,1627,1627,1627,1627,1627,1627,1627,1627,1627,1627,1627,1627,1627,1627,3865,3865,3865,3865,3865,3865,3865,3865,3865,3865,3865,3865,3865
3,3,3,3,3,3,3,3,3,3,3,3558,3558,3558,3558,3558,3558,3558,3558,3558,3558,3558,3558,3558,3558,3482,3482,3482,3482,3482,3482,3482,3482,3482,3482,3482,3482,3482,3482,3482,933,933,933,933,933,933,933,933,933,933,933,933,933,933,204,204,204,204,204,204,204,204,204,204,204,204,204,204,2613,2613,2613,2613,2613,2613,2613,2613,2613,2613,2613,2613,2613,2613,3969,3969,3969,3969,3969,3969,3969,3969
2,2,2,2,2,2,2,2,2,2,2,2,2,2,2,3909,3909,3909,3909,3909,3909,3909,3909,3909,3909,3909,3909,3909,3909,2847,2847,2847,2847,2847,2847,2847,2847,2847,2847,2847,2847,2847,2847,360,360,360,360,360,360,360,360,360,360,360,360,360,360,586,586,586,586,586,586,586,586,586,586,586,586,586,586,3148,3148,3148,3148,3148,3148,3148,3148,3148,3148,3148,3148,3148,3148,3148,3795,3795,3795,3795
2,2,2,2,2,2,2,2,3119,3119,3119,3119,3119,3119,3119,3119,3119,3119,3119,3119,3119,3119,3810,3810,3810,3810,3810,3810,3810,3810,3810,3810,3810,3810,3810,3810,1483,1483,1483,1483,1483,1483,1483,1483,1483,1483,1483,1483,1483,1483,3,3,3,3,3,3,3,3,3,3,3,3,3,3,1829,1829,1829,1829,1829,1829,1829,1829,1829,1829,1829,1829,1829,1829,1829,3941,3941,3941,3941,3941,3941,3941,3941,3941,3941,3941
2,2,2,2,2,2,2,2,2,2,2,2,2,3773,3773,3773,3773,3773,3773,3773,3773,3773,3773,3773,3773,3773,3773,3773,3154,3154,3154,3154,3154,3154,3154,3154,3154,3154,3154,3154,3154,3154,495,495,495,495,495,495,495,495,495,495,495,495,495,495,447,447,447,447,447,447,447,447,447,447,447,447,447,447,2980,2980,2980,2980,2980,2980,2980,2980,2980,2980,2980,2980,2980,2980,3872,3872,3872,3872,3872,3872
2,2,2,2,2193,2193,2193,2193,2193,2193,2193,2193,2193,2193,2193,2193,2193,2193,3987,3987,3987,3987,3987,3987,3987,3987,3987,3987,3987,3987,3987,3987,2280,2280,2280,2280,2280,2280,2280,2280,2280,2280,2280,2280,2280,2280,96,96,96,96,96,96,96,96,96,96,96,96,96,96,1066,1066,1066,1066,1066,1066,1066,1066,1066,1066,1066,1066,1066,1066,3578,3578,3578,3578,3578,3578,3578,3578,3578,3578,3578,3578,3578,3578,3460,3460
2,2,2,2,2,2,2,2,2,2,3426,3426,3426,3426,3426,3426,3426,3426,3426,3426,3426,3426,3426,3426,3607,3607,3607,3607,3607,3607,3607,3607,3607,3607,3607,3607,3607,3607,3607,1084,1084,1084,1084,1084,1084,1084,1084,1084,1084,1084,1084,1084,1084,130,130,130,130,130,130,130,130,130,130,130,130,130,130,2422,2422,2422,2422,2422,2422,2422,2422,2422,2422,2422,2422,2422,2422,3988,3988,3988,3988,3988,3988,3988,3988,3988
