3,3,3,3,3,3,3,3,3,3,3,3,3,3678,3678,3678,3678,3678,3678,3678,3678,3678,3678,3678,3678,3678,3678,3678,3678,3028,3028,3028,3028,3028,3028,3028,3028,3028,3028,3028,3028,3028,3028,3028,258,258,258,258,258,258,258,258,258,258,258,258,258,258,258,258,1070,1070,1070,1070,1070,1070,1070,1070,1070,1070,1070,1070,1070,1070,1070,1070,3791,3791,3791,3791,3791,3791,3791,3791,3791,3791,3791,3791,3791,3791
3,3,3,3,3,3,3,3,3,3,3,3,3,3,3,3,3,3988,3988,3988,3988,3988,3988,3988,3988,3988,3988,3988,3988,3988,3988,3988,3988,2080,2080,2080,2080,2080,2080,2080,2080,2080,2080,2080,2080,2080,2080,2080,2080,6,6,6,6,6,6,6,6,6,6,6,6,6,6,6,6,2028,2028,2028,2028,2028,2028,2028,2028,2028,2028,2028,2028,2028,2028,2028,2028,3991,3991,3991,3991,3991,3991,3991,3991,3991
2,2,2,2,2,2,2,2,2,2,2,2,2,2,2,2,3957,3957,3957,3957,3957,3957,3957,3957,3957,3957,3957,3957,3957,3957,3957,3957,2374,2374,2374,2374,2374,2374,2374,2374,2374,2374,2374,2374,2374,2374,2374,2374,41,41,41,41,41,41,41,41,41,41,41,41,41,41,41,41,1633,1633,1633,1633,1633,1633,1633,1633,1633,1633,1633,1633,1633,1633,1633,1633,3969,3969,3969,3969,3969,3969,3969,3969,3969,3969
3,3,3,3,3,3,3,3,3,3,3,3,3,3,3858,3858,3858,3858,3858,3858,3858,3858,3858,3858,3858,3858,3858,3858,3858,3858,2667,2667,2667,2667,2667,2667,2667,2667,2667,2667,2667,2667,2667,2667,2667,2667,98,98,98,98,98,98,98,98,98,98,98,98,98,98,98,98,1438,1438,1438,1438,1438,1438,1438,1438,1438,1438,1438,1438,1438,1438,1438,1438,3929,3929,3929,3929,3929,3929,3929,3929,3929,3929,3929,3929
2,2,2,2,2,2,2,2,2,2,2,2,2,2,3856,3856,3856,3856,3856,3856,3856,3856,3856,3856,3856,3856,3856,3856,3856,3856,2668,2668,2668,2668,2668,2668,2668,2668,2668,2668,2668,2668,2668,2668,2668,2668,100,100,100,100,100,100,100,100,100,100,100,100,100,100,100,100,1429,1429,1429,1429,1429,1429,1429,1429,1429,1429,1429,1429,1429,1429,1429,1429,3923,3923,3923,3923,3923,3923,3923,3923,3923,3923,3923,3923
3,3,3,2195,2195,2195,2195,2195,2195,2195,2195,2195,2195,2195,2195,2195,2195,2195,2195,3977,3977,3977,3977,3977,3977,3977,3977,3977,3977,3977,3977,3977,3977,3977,3977,1682,1682,1682,1682,1682,1682,1682,1682,1682,1682,1682,1682,1682,1682,1682,1682,17,17,17,17,17,17,17,17,17,17,17,17,17,17,17,17,2423,2423,2423,2423,2423,2423,2423,2423,2423,2423,2423,2423,2423,2423,2423,2423,3937,3937,3937,3937,3937,3937,3937
2,2,2,2187,2187,2187,2187,2187,2187,2187,2187,2187,2187,2187,2187,2187,2187,2187,2187,3979,3979,3979,3979,3979,3979,3979,3979,3979,3979,3979,3979,3979,3979,3979,3979,1709,1709,1709,1709,1709,1709,1709,1709,1709,1709,1709,1709,1709,1709,1709,1709,6,6,6,6,6,6,6,6,6,6,6,6,6,6,6,6,2302,2302,2302,2302,2302,2302,2302,2302,2302,2302,2302,2302,2302,2302,2302,2302,3970,3970,3970,3970,3970,3970,3970
3,2,2,2,2,2,2,2,2,2,2,2,2,2,2,2,2,3988,3988,3988,3988,3988,3988,3988,3988,3988,3988,3988,3988,3988,3988,3988,3988,2081,2081,2081,2081,2081,2081,2081,2081,2081,2081,2081,2081,2081,2081,2081,2081,7,7,7,7,7,7,7,7,7,7,7,7,7,7,7,7,2028,2028,2028,2028,2028,2028,2028,2028,2028,2028,2028,2028,2028,2028,2028,2028,3991,3991,3991,3991,3991,3991,3991,3991,3991
3,3,3,3,2351,2351,2351,2351,2351,2351,2351,2351,2351,2351,2351,2351,2351,2351,2351,2351,3955,3955,3955,3955,3955,3955,3955,3955,3955,3955,3955,3955,3955,3955,3955,3955,1628,1628,1628,1628,1628,1628,1628,1628,1628,1628,1628,1628,1628,1628,1628,1628,44,44,44,44,44,44,44,44,44,44,44,44,44,44,44,44,2427,2427,2427,2427,2427,2427,2427,2427,2427,2427,2427,2427,2427,2427,2427,2427,3933,3933,3933,3933,3933,3933
3,3,3,3,3,3,3,3,3122,3122,3122,3122,3122,3122,3122,3122,3122,3122,3122,3122,3122,3122,3122,3122,3615,3615,3615,3615,3615,3615,3615,3615,3615,3615,3615,3615,3615,3615,3615,3615,781,781,781,781,781,781,781,781,781,781,781,781,781,781,781,781,442,442,442,442,442,442,442,442,442,442,442,442,442,442,442,442,3281,3281,3281,3281,3281,3281,3281,3281,3281,3281,3281,3281,3281,3281,3281,3281,3506,3506
3,3,3,2165,2165,2165,2165,2165,2165,2165,2165,2165,2165,2165,2165,2165,2165,2165,2165,3982,3982,3982,3982,3982,3982,3982,3982,3982,3982,3982,3982,3982,3982,3982,3982,1796,1796,1796,1796,1796,1796,1796,1796,1796,1796,1796,1796,1796,1796,1796,1796,5,5,5,5,5,5,5,5,5,5,5,5,5,5,5,5,2231,2231,2231,2231,2231,2231,2231,2231,2231,2231,2231,2231,2231,2231,2231,2231,3974,3974,3974,3974,3974,3974,3974
2,2,2,2,2,2,2,2,2,3274,3274,3274,3274,3274,3274,3274,3274,3274,3274,3274,3274,3274,3274,3274,3274,3498,3498,3498,3498,3498,3498,3498,3498,3498,3498,3498,3498,3498,3498,3498,3498,645,645,645,645,645,645,645,645,645,645,645,645,645,645,645,645,554,554,554,554,554,554,554,554,554,554,554,554,554,554,554,554,3387,3387,3387,3387,3387,3387,3387,3387,3387,3387,3387,3387,3387,3387,3387,3387,3425
2,2,2,2,2,2,2,2955,2955,2955,2955,2955,2955,2955,2955,2955,2955,2955,2955,2955,2955,2955,2955,3720,3720,3720,3720,3720,3720,3720,3720,3720,3720,3720,3720,3720,3720,3720,3720,940,940,940,940,940,940,940,940,940,940,940,940,940,940,940,940,334,334,334,334,334,334,334,334,334,334,334,334,334,334,334,334,3149,3149,3149,3149,3149,3149,3149,3149,3149,3149,3149,3149,3149,3149,3149,3149,3597,3597,3597
3,3,3,3,3,3,3,3,3,3,3,3560,3560,3560,3560,3560,3560,3560,3560,3560,3560,3560,3560,3560,3560,3560,3560,3195,3195,3195,3195,3195,3195,3195,3195,3195,3195,3195,3195,3195,3195,3195,3195,367,367,367,367,367,367,367,367,367,367,367,367,367,367,367,367,891,891,891,891,891,891,891,891,891,891,891,891,891,891,891,891,3686,3686,3686,3686,3686,3686,3686,3686,3686,3686,3686,3686,3686,3686,3686
2,2,2,2,2,2,2,2,2,2,2,2,2,2,2,2,3963,3963,3963,3963,3963,3963,3963,3963,3963,3963,3963,3963,3963,3963,3963,3963,2284,2284,2284,2284,2284,2284,2284,2284,2284,2284,2284,2284,2284,2284,2284,2284,19,19,19,19,19,19,19,19,19,19,19,19,19,19,19,19,1812,1812,1812,1812,1812,1812,1812,1812,1812,1812,1812,1812,1812,1812,1812,1812,3987,3987,3987,3987,3987,3987,3987,3987,3987,3987
2,2,2,2,2,2585,2585,2585,2585,2585,2585,2585,2585,2585,2585,2585,2585,2585,2585,2585,2585,3890,3890,3890,3890,3890,3890,3890,3890,3890,3890,3890,3890,3890,3890,3890,3890,1302,1302,1302,1302,1302,1302,1302,1302,1302,1302,1302,1302,1302,1302,1302,1302,141,141,141,141,141,141,141,141,141,141,141,141,141,141,141,141,2774,2774,2774,2774,2774,2774,2774,2774,2774,2774,2774,2774,2774,2774,2774,2774,3827,3827,3827,3827,3827
3,3,3,3,3,3,3,3,3040,3040,3040,3040,3040,3040,3040,3040,3040,3040,3040,3040,3040,3040,3040,3040,3700,3700,3700,3700,3700,3700,3700,3700,3700,3700,3700,3700,3700,3700,3700,3700,940,940,940,940,940,940,940,940,940,940,940,940,940,940,940,940,335,335,335,335,335,335,335,335,335,335,335,335,335,335,335,3153,3153,3153,3153,3153,3153,3153,3153,3153,3153,3153,3153,3153,3153,3153,3153,3592,3592,3592
2,2,2,2,2,2,2,2,2,2,2,2,3653,3653,3653,3653,3653,3653,3653,3653,3653,3653,3653,3653,3653,3653,3653,3653,3091,3091,3091,3091,3091,3091,3091,3091,3091,3091,3091,3091,3091,3091,3091,3091,315,315,315,315,315,315,315,315,315,315,315,315,315,315,315,315,921,921,921,921,921,921,921,921,921,921,921,921,921,921,921,921,3696,3696,3696,3696,3696,3696,3696,3696,3696,3696,3696,3696,3696,3696
3,3,3,2083,2083,2083,2083,2083,2083,2083,2083,2083,2083,2083,2083,2083,2083,2083,2083,3988,3988,3988,3988,3988,3988,3988,3988,3988,3988,3988,3988,3988,3988,3988,3988,1882,1882,1882,1882,1882,1882,1882,1882,1882,1882,1882,1882,1882,1882,1882,1882,5,5,5,5,5,5,5,5,5,5,5,5,5,5,5,5,2229,2229,2229,2229,2229,2229,2229,2229,2229,2229,2229,2229,2229,2229,2229,3973,3973,3973,3973,3973,3973,3973,3973
2,2,2,2,2,2,2,2,2,2,3430,3430,3430,3430,3430,3430,3430,3430,3430,3430,3430,3430,3430,3430,3430,3430,3347,3347,3347,3347,3347,3347,3347,3347,3347,3347,3347,3347,3347,3347,3347,3347,489,489,489,489,489,489,489,489,489,489,489,489,489,489,489,489,733,733,733,733,733,733,733,733,733,733,733,733,733,733,733,733,3573,3573,3573,3573,3573,3573,3573,3573,3573,3573,3573,3573,3573,3573,3573,3573
3,3,3,3,3,3,2770,2770,2770,2770,2770,2770,2770,2770,2770,2770,2770,2770,2770,2770,2770,2770,3820,3820,3820,3820,3820,3820,3820,3820,3820,3820,3820,3820,3820,3820,3820,3820,1137,1137,1137,1137,1137,1137,1137,1137,1137,1137,1137,1137,1137,1137,1137,1137,207,207,207,207,207,207,207,207,207,207,207,207,207,207,207,207,2872,2872,2872,2872,2872,2872,2872,2872,2872,2872,2872,2872,2872,2872,2872,2872,3788,3788,3788,3788
3,3,3,3,3,2588,2588,2588,2588,2588,2588,2588,2588,2588,2588,2588,2588,2588,2588,2588,2588,3889,3889,3889,3889,3889,3889,3889,3889,3889,3889,3889,3889,3889,3889,3889,3889,1296,1296,1296,1296,1296,1296,1296,1296,1296,1296,1296,1296,1296,1296,1296,1296,147,147,147,147,147,147,147,147,147,147,147,147,147,147,147,147,2803,2803,2803,2803,2803,2803,2803,2803,2803,2803,2803,2803,2803,2803,2803,2803,3804,3804,3804,3804,3804
2,2,2,2,2,2,2,2,2,2,2,2,2,2,2,3920,3920,3920,3920,3920,3920,3920,3920,3920,3920,3920,3920,3920,3920,3920,3920,2475,2475,2475,2475,2475,2475,2475,2475,2475,2475,2475,2475,2475,2475,2475,2475,45,45,45,45,45,45,45,45,45,45,45,45,45,45,45,45,1631,1631,1631,1631,1631,1631,1631,1631,1631,1631,1631,1631,1631,1631,1631,1631,3968,3968,3968,3968,3968,3968,3968,3968,3968,3968,3968
2,2,2,2,2,2,2,2,2,2,2,3556,3556,3556,3556,3556,3556,3556,3556,3556,3556,3556,3556,3556,3556,3556,3556,3205,3205,3205,3205,3205,3205,3205,3205,3205,3205,3205,3205,3205,3205,3205,3205,381,381,381,381,381,381,381,381,381,381,381,381,381,381,381,381,855,855,855,855,855,855,855,855,855,855,855,855,855,855,855,855,3648,3648,3648,3648,3648,3648,3648,3648,3648,3648,3648,3648,3648,3648,3648
3,3,3,3,3,3,2589,2589,2589,2589,2589,2589,2589,2589,2589,2589,2589,2589,2589,2589,2589,3887,3887,3887,3887,3887,3887,3887,3887,3887,3887,3887,3887,3887,3887,3887,3887,1296,1296,1296,1296,1296,1296,1296,1296,1296,1296,1296,1296,1296,1296,1296,1296,148,148,148,148,148,148,148,148,148,148,148,148,148,148,148,148,2807,2807,2807,2807,2807,2807,2807,2807,2807,2807,2807,2807,2807,2807,2807,2807,3799,3799,3799,3799,3799
2,2,2,2,2,2,2,2,2,3261,3261,3261,3261,3261,3261,3261,3261,3261,3261,3261,3261,3261,3261,3261,3261,3518,3518,3518,3518,3518,3518,3518,3518,3518,3518,3518,3518,3518,3518,3518,3518,689,689,689,689,689,689,689,689,689,689,689,689,689,689,689,689,497,497,497,497,497,497,497,497,497,497,497,497,497,497,497,497,3309,3309,3309,3309,3309,3309,3309,3309,3309,3309,3309,3309,3309,3309,3309,3309,3465
2,2,2,2,2,2,2,2,2,2,2,2,3653,3653,3653,3653,3653,3653,3653,3653,3653,3653,3653,3653,3653,3653,3653,3653,3096,3096,3096,3096,3096,3096,3096,3096,3096,3096,3096,3096,3096,3096,3096,3096,325,325,325,325,325,325,325,325,325,325,325,325,325,325,325,325,903,903,903,903,903,903,903,903,903,903,903,903,903,903,903,903,3695,3695,3695,3695,3695,3695,3695,3695,3695,3695,3695,3695,3695,3695
3,3,3,2010,2010,2010,2010,2010,2010,2010,2010,2010,2010,2010,2010,2010,2010,2010,2010,3994,3994,3994,3994,3994,3994,3994,3994,3994,3994,3994,3994,3994,3994,3994,3994,1881,1881,1881,1881,1881,1881,1881,1881,1881,1881,1881,1881,1881,1881,1881,5,5,5,5,5,5,5,5,5,5,5,5,5,5,5,5,2230,2230,2230,2230,2230,2230,2230,2230,2230,2230,2230,2230,2230,2230,2230,2230,3973,3973,3973,3973,3973,3973,3973,3973
2,2,2,2,2,2,2,2,2,2,2,2,2,2,3859,3859,3859,3859,3859,3859,3859,3859,3859,3859,3859,3859,3859,3859,3859,3859,2668,2668,2668,2668,2668,2668,2668,2668,2668,2668,2668,2668,2668,2668,2668,2668,98,98,98,98,98,98,98,98,98,98,98,98,98,98,98,98,1435,1435,1435,1435,1435,1435,1435,1435,1435,1435,1435,1435,1435,1435,1435,1435,3927,3927,3927,3927,3927,3927,3927,3927,3927,3927,3927,3927
3,3,3,3,3,3,3,3,3,3,3431,3431,3431,3431,3431,3431,3431,3431,3431,3431,3431,3431,3431,3431,3431,3431,3346,3346,3346,3346,3346,3346,3346,3346,3346,3346,3346,3346,3346,3346,3346,3346,488,488,488,488,488,488,488,488,488,488,488,488,488,488,488,488,736,736,736,736,736,736,736,736,736,736,736,736,736,736,736,736,3579,3579,3579,3579,3579,3579,3579,3579,3579,3579,3579,3579,3579,3579,3579,3579
2,2,2,2,2,2,2,2,3125,3125,3125,3125,3125,3125,3125,3125,3125,3125,3125,3125,3125,3125,3125,3125,3612,3612,3612,3612,3612,3612,3612,3612,3612,3612,3612,3612,3612,3612,3612,3612,776,776,776,776,776,776,776,776,776,776,776,776,776,776,776,776,454,454,454,454,454,454,454,454,454,454,454,454,454,454,454,454,3308,3308,3308,3308,3308,3308,3308,3308,3308,3308,3308,3308,3308,3308,3308,3308,3465,3465
2,2,2,2,2,2,2,2,2,2,2,2,2,3775,3775,3775,3775,3775,3775,3775,3775,3775,3775,3775,3775,3775,3775,3775,3775,2853,2853,2853,2853,2853,2853,2853,2853,2853,2853,2853,2853,2853,2853,2853,2853,170,170,170,170,170,170,170,170,170,170,170,170,170,170,170,170,1245,1245,1245,1245,1245,1245,1245,1245,1245,1245,1245,1245,1245,1245,1245,1245,3864,3864,3864,3864,3864,3864,3864,3864,3864,3864,3864,3864,3864
2,2,2,2,2,2395,2395,2395,2395,2395,2395,2395,2395,2395,2395,2395,2395,2395,2395,2395,2395,3942,3942,3942,3942,3942,3942,3942,3942,3942,3942,3942,3942,3942,3942,3942,1487,1487,1487,1487,1487,1487,1487,1487,1487,1487,1487,1487,1487,1487,1487,1487,83,83,83,83,83,83,83,83,83,83,83,83,83,83,83,83,2620,2620,2620,2620,2620,2620,2620,2620,2620,2620,2620,2620,2620,2620,2620,2620,3876,3876,3876,3876,3876,3876
2,2,2,2,2,2,2,2,2,2,2,3543,3543,3543,3543,3543,3543,3543,3543,3543,3543,3543,3543,3543,3543,3543,3543,3232,3232,3232,3232,3232,3232,3232,3232,3232,3232,3232,3232,3232,3232,3232,3232,413,413,413,413,413,413,413,413,413,413,413,413,413,413,413,413,775,775,775,775,775,775,775,775,775,775,775,775,775,775,775,775,3582,3582,3582,3582,3582,3582,3582,3582,3582,3582,3582,3582,3582,3582,3582
2,2,2,2,2,2,2,2,2,2,2,2,2,2,3857,3857,3857,3857,3857,3857,3857,3857,3857,3857,3857,3857,3857,3857,3857,3857,2668,2668,2668,2668,2668,2668,2668,2668,2668,2668,2668,2668,2668,2668,2668,2668,98,98,98,98,98,98,98,98,98,98,98,98,98,98,98,98,1437,1437,1437,1437,1437,1437,1437,1437,1437,1437,1437,1437,1437,1437,1437,1437,3927,3927,3927,3927,3927,3927,3927,3927,3927,3927,3927,3927
2,2,2,2,2,2,2,2,2,2,2,2,3675,3675,3675,3675,3675,3675,3675,3675,3675,3675,3675,3675,3675,3675,3675,3675,3032,3032,3032,3032,3032,3032,3032,3032,3032,3032,3032,3032,3032,3032,3032,3032,266,266,266,266,266,266,266,266,266,266,266,266,266,266,266,266,1046,1046,1046,1046,1046,1046,1046,1046,1046,1046,1046,1046,1046,1046,1046,1046,3764,3764,3764,3764,3764,3764,3764,3764,3764,3764,3764,3764,3764,3764
3,2,2,2,2,2,2,2,2,2,2,2,2,2,2,2,2,3987,3987,3987,3987,3987,3987,3987,3987,3987,3987,3987,3987,3987,3987,3987,3987,2082,2082,2082,2082,2082,2082,2082,2082,2082,2082,2082,2082,2082,2082,2082,2082,9,9,9,9,9,9,9,9,9,9,9,9,9,9,9,9,2018,2018,2018,2018,2018,2018,2018,2018,2018,2018,2018,2018,2018,2018,2018,2018,3992,3992,3992,3992,3992,3992,3992,3992,3992
3,3,3,3,3,3,3,3,3126,3126,3126,3126,3126,3126,3126,3126,3126,3126,3126,3126,3126,3126,3126,3126,3611,3611,3611,3611,3611,3611,3611,3611,3611,3611,3611,3611,3611,3611,3611,3611,775,775,775,775,775,775,775,775,775,775,775,775,775,775,775,775,454,454,454,454,454,454,454,454,454,454,454,454,454,454,454,454,3308,3308,3308,3308,3308,3308,3308,3308,3308,3308,3308,3308,3308,3308,3308,3308,3465,3465
2,2,2,2,2,2,2771,2771,2771,2771,2771,2771,2771,2771,2771,2771,2771,2771,2771,2771,2771,2771,3819,3819,3819,3819,3819,3819,3819,3819,3819,3819,3819,3819,3819,3819,3819,3819,1126,1126,1126,1126,1126,1126,1126,1126,1126,1126,1126,1126,1126,1126,1126,1126,219,219,219,219,219,219,219,219,219,219,219,219,219,219,219,219,2929,2929,2929,2929,2929,2929,2929,2929,2929,2929,2929,2929,2929,2929,2929,2929,3748,3748,3748,3748
3,3,3,3,3,3,3,3,3,3,3419,3419,3419,3419,3419,3419,3419,3419,3419,3419,3419,3419,3419,3419,3419,3419,3363,3363,3363,3363,3363,3363,3363,3363,3363,3363,3363,3363,3363,3363,3363,3363,512,512,512,512,512,512,512,512,512,512,512,512,512,512,512,512,692,692,692,692,692,692,692,692,692,692,692,692,692,692,692,692,3523,3523,3523,3523,3523,3523,3523,3523,3523,3523,3523,3523,3523,3523,3523,3523
3,3,3,2196,2196,2196,2196,2196,2196,2196,2196,2196,2196,2196,2196,2196,2196,2196,2196,3977,3977,3977,3977,3977,3977,3977,3977,3977,3977,3977,3977,3977,3977,3977,3977,1683,1683,1683,1683,1683,1683,1683,1683,1683,1683,1683,1683,1683,1683,1683,1683,53,53,53,53,53,53,53,53,53,53,53,53,53,53,53,53,2427,2427,2427,2427,2427,2427,2427,2427,2427,2427,2427,2427,2427,2427,2427,2427,3935,3935,3935,3935,3935,3935,3935
3,3,3,3,3,3,3,3,3,3,3426,3426,3426,3426,3426,3426,3426,3426,3426,3426,3426,3426,3426,3426,3426,3426,3352,3352,3352,3352,3352,3352,3352,3352,3352,3352,3352,3352,3352,3352,3352,3352,496,496,496,496,496,496,496,496,496,496,496,496,496,496,496,496,718,718,718,718,718,718,718,718,718,718,718,718,718,718,718,718,3552,3552,3552,3552,3552,3552,3552,3552,3552,3552,3552,3552,3552,3552,3552,3552
4,4,4,2181,2181,2181,2181,2181,2181,2181,2181,2181,2181,2181,2181,2181,2181,2181,2181,3979,3979,3979,3979,3979,3979,3979,3979,3979,3979,3979,3979,3979,3979,3979,3979,1740,1740,1740,1740,1740,1740,1740,1740,1740,1740,1740,1740,1740,1740,1740,1740,5,5,5,5,5,5,5,5,5,5,5,5,5,5,5,5,2251,2251,2251,2251,2251,2251,2251,2251,2251,2251,2251,2251,2251,2251,2251,2251,3972,3972,3972,3972,3972,3972,3972
3,3,3,3,2393,2393,2393,2393,2393,2393,2393,2393,2393,2393,2393,2393,2393,2393,2393,2393,3943,3943,3943,3943,3943,3943,3943,3943,3943,3943,3943,3943,3943,3943,3943,3943,1488,1488,1488,1488,1488,1488,1488,1488,1488,1488,1488,1488,1488,1488,1488,1488,81,81,81,81,81,81,81,81,81,81,81,81,81,81,81,81,2605,2605,2605,2605,2605,2605,2605,2605,2605,2605,2605,2605,2605,2605,2605,2605,3885,3885,3885,3885,3885,3885
2,2,2,2,2,2,2743,2743,2743,2743,2743,2743,2743,2743,2743,2743,2743,2743,2743,2743,2743,2743,3839,3839,3839,3839,3839,3839,3839,3839,3839,3839,3839,3839,3839,3839,3839,3839,1230,1230,1230,1230,1230,1230,1230,1230,1230,1230,1230,1230,1230,1230,1230,1230,160,160,160,160,160,160,160,160,160,160,160,160,160,160,160,160,2807,2807,2807,2807,2807,2807,2807,2807,2807,2807,2807,2807,2807,2807,2807,2807,3799,3799,3799,3799
4,4,4,1995,1995,1995,1995,1995,1995,1995,1995,1995,1995,1995,1995,1995,1995,1995,3992,3992,3992,3992,3992,3992,3992,3992,3992,3992,3992,3992,3992,3992,3992,3992,1881,1881,1881,1881,1881,1881,1881,1881,1881,1881,1881,1881,1881,1881,1881,1881,4,4,4,4,4,4,4,4,4,4,4,4,4,4,4,4,2229,2229,2229,2229,2229,2229,2229,2229,2229,2229,2229,2229,2229,2229,2229,2229,3974,3974,3974,3974,3974,3974,3974,3974
3,3,3,3,3,3,3,3,3,3,3,3,3599,3599,3599,3599,3599,3599,3599,3599,3599,3599,3599,3599,3599,3599,3599,3599,3190,3190,3190,3190,3190,3190,3190,3190,3190,3190,3190,3190,3190,3190,3190,3190,364,364,364,364,364,364,364,364,364,364,364,364,364,364,364,364,899,899,899,899,899,899,899,899,899,899,899,899,899,899,899,3695,3695,3695,3695,3695,3695,3695,3695,3695,3695,3695,3695,3695,3695,3695
3,3,5,5,5,5,5,5,5,5,5,5,5,5,5,5,5,5,3989,3989,3989,3989,3989,3989,3989,3989,3989,3989,3989,3989,3989,3989,3989,3989,2080,2080,2080,2080,2080,2080,2080,2080,2080,2080,2080,2080,2080,2080,2080,5,5,5,5,5,5,5,5,5,5,5,5,5,5,5,5,2031,2031,2031,2031,2031,2031,2031,2031,2031,2031,2031,2031,2031,2031,2031,2031,3992,3992,3992,3992,3992,3992,3992,3992,3992
2,2,2,2,2,2,2588,2588,2588,2588,2588,2588,2588,2588,2588,2588,2588,2588,2588,2588,2588,3887,3887,3887,3887,3887,3887,3887,3887,3887,3887,3887,3887,3887,3887,3887,3887,1295,1295,1295,1295,1295,1295,1295,1295,1295,1295,1295,1295,1295,1295,1295,1295,148,148,148,148,148,148,148,148,148,148,148,148,148,148,148,148,2806,2806,2806,2806,2806,2806,2806,2806,2806,2806,2806,2806,2806,2806,2806,2806,3800,3800,3800,3800,3800
2,2,2,2,2,2547,2547,2547,2547,2547,2547,2547,2547,2547,2547,2547,2547,2547,2547,2547,2547,3910,3910,3910,3910,3910,3910,3910,3910,3910,3910,3910,3910,3910,3910,3910,3910,1443,1443,1443,1443,1443,1443,1443,1443,1443,1443,1443,1443,1443,1443,1443,1443,82,82,82,82,82,82,82,82,82,82,82,82,82,82,82,82,2620,2620,2620,2620,2620,2620,2620,2620,2620,2620,2620,2620,2620,2620,2620,3874,3874,3874,3874,3874,3874
3,3,3,3,3,3,3,3,3,3,3,3,3,3,3,3,3921,3921,3921,3921,3921,3921,3921,3921,3921,3921,3921,3921,3921,3921,3921,2475,2475,2475,2475,2475,2475,2475,2475,2475,2475,2475,2475,2475,2475,2475,2475,45,45,45,45,45,45,45,45,45,45,45,45,45,45,45,45,1633,1633,1633,1633,1633,1633,1633,1633,1633,1633,1633,1633,1633,1633,1633,1633,3969,3969,3969,3969,3969,3969,3969,3969,3969,3969,3969
3,3,3,3,3,3,3,3,3,3,3,3,3,3,3,3,3,3989,3989,3989,3989,3989,3989,3989,3989,3989,3989,3989,3989,3989,3989,3989,3989,2080,2080,2080,2080,2080,2080,2080,2080,2080,2080,2080,2080,2080,2080,2080,2080,7,7,7,7,7,7,7,7,7,7,7,7,7,7,7,7,2031,2031,2031,2031,2031,2031,2031,2031,2031,2031,2031,2031,2031,2031,2031,2031,3991,3991,3991,3991,3991,3991,3991,3991,3991
2,2,2,2,2,2,2,2,3014,3014,3014,3014,3014,3014,3014,3014,3014,3014,3014,3014,3014,3014,3014,3014,3713,3713,3713,3713,3713,3713,3713,3713,3713,3713,3713,3713,3713,3713,3713,3713,939,939,939,939,939,939,939,939,939,939,939,939,939,939,939,939,336,336,336,336,336,336,336,336,336,336,336,336,336,336,336,3153,3153,3153,3153,3153,3153,3153,3153,3153,3153,3153,3153,3153,3153,3153,3153,3591,3591,3591
3,2,2,2,2,2,2,2,2,2,2,2,2,2,2,2,3964,3964,3964,3964,3964,3964,3964,3964,3964,3964,3964,3964,3964,3964,3964,3964,2279,2279,2279,2279,2279,2279,2279,2279,2279,2279,2279,2279,2279,2279,2279,2279,12,12,12,12,12,12,12,12,12,12,12,12,12,12,12,12,1831,1831,1831,1831,1831,1831,1831,1831,1831,1831,1831,1831,1831,1831,1831,1831,3989,3989,3989,3989,3989,3989,3989,3989,3989,3989
2,2,2,2,2,2,2,2951,2951,2951,2951,2951,2951,2951,2951,2951,2951,2951,2951,2951,2951,2951,2951,3724,3724,3724,3724,3724,3724,3724,3724,3724,3724,3724,3724,3724,3724,3724,3724,947,947,947,947,947,947,947,947,947,947,947,947,947,947,947,947,322,322,322,322,322,322,322,322,322,322,322,322,322,322,322,322,3112,3112,3112,3112,3112,3112,3112,3112,3112,3112,3112,3112,3112,3112,3112,3112,3638,3638,3638
2,2,2,2,2,2,2,2,2,2,2,2,3677,3677,3677,3677,3677,3677,3677,3677,3677,3677,3677,3677,3677,3677,3677,3677,3028,3028,3028,3028,3028,3028,3028,3028,3028,3028,3028,3028,3028,3028,3028,3028,259,259,259,259,259,259,259,259,259,259,259,259,259,259,259,259,1064,1064,1064,1064,1064,1064,1064,1064,1064,1064,1064,1064,1064,1064,1064,1064,3783,3783,3783,3783,3783,3783,3783,3783,3783,3783,3783,3783,3783,3783
3,3,3,3,3,3,3,3,3,3,3,3,3,3,3855,3855,3855,3855,3855,3855,3855,3855,3855,3855,3855,3855,3855,3855,3855,3855,2670,2670,2670,2670,2670,2670,2670,2670,2670,2670,2670,2670,2670,2670,2670,2670,102,102,102,102,102,102,102,102,102,102,102,102,102,102,102,102,1422,1422,1422,1422,1422,1422,1422,1422,1422,1422,1422,1422,1422,1422,1422,1422,3918,3918,3918,3918,3918,3918,3918,3918,3918,3918,3918,3918
3,3,3,3,3,3,3,3,3,3,3,3,3,3,3,3,3945,3945,3945,3945,3945,3945,3945,3945,3945,3945,3945,3945,3945,3945,3945,3945,2444,2444,2444,2444,2444,2444,2444,2444,2444,2444,2444,2444,2444,2444,2444,2444,46,46,46,46,46,46,46,46,46,46,46,46,46,46,46,46,1634,1634,1634,1634,1634,1634,1634,1634,1634,1634,1634,1634,1634,1634,1634,3970,3970,3970,3970,3970,3970,3970,3970,3970,3970,3970
3,3,3,3,3,3,2775,2775,2775,2775,2775,2775,2775,2775,2775,2775,2775,2775,2775,2775,2775,2775,3814,3814,3814,3814,3814,3814,3814,3814,3814,3814,3814,3814,3814,3814,3814,3814,1114,1114,1114,1114,1114,1114,1114,1114,1114,1114,1114,1114,1114,1114,1114,1114,232,232,232,232,232,232,232,232,232,232,232,232,232,232,232,232,2981,2981,2981,2981,2981,2981,2981,2981,2981,2981,2981,2981,2981,2981,2981,2981,3707,3707,3707,3707
3,3,3,3,3,3,3,2952,2952,2952,2952,2952,2952,2952,2952,2952,2952,2952,2952,2952,2952,2952,2952,3724,3724,3724,3724,3724,3724,3724,3724,3724,3724,3724,3724,3724,3724,3724,3724,947,947,947,947,947,947,947,947,947,947,947,947,947,947,947,947,320,320,320,320,320,320,320,320,320,320,320,320,320,320,320,320,3102,3102,3102,3102,3102,3102,3102,3102,3102,3102,3102,3102,3102,3102,3102,3102,3657,3657,3657
2,2,2,2,2255,2255,2255,2255,2255,2255,2255,2255,2255,2255,2255,2255,2255,2255,2255,2255,3977,3977,3977,3977,3977,3977,3977,3977,3977,3977,3977,3977,3977,3977,3977,3977,1683,1683,1683,1683,1683,1683,1683,1683,1683,1683,1683,1683,1683,1683,1683,1683,53,53,53,53,53,53,53,53,53,53,53,53,53,53,53,2427,2427,2427,2427,2427,2427,2427,2427,2427,2427,2427,2427,2427,2427,2427,2427,3933,3933,3933,3933,3933,3933,3933
3,3,3,3,3,3,3,3,3,3,3,3,3,3,3,3,3,3,3988,3988,3988,3988,3988,3988,3988,3988,3988,3988,3988,3988,3988,3988,3988,2081,2081,2081,2081,2081,2081,2081,2081,2081,2081,2081,2081,2081,2081,2081,2081,5,5,5,5,5,5,5,5,5,5,5,5,5,5,5,5,2031,2031,2031,2031,2031,2031,2031,2031,2031,2031,2031,2031,2031,2031,2031,2031,3991,3991,3991,3991,3991,3991,3991,3991,3991
3,3,1964,1964,1964,1964,1964,1964,1964,1964,1964,1964,1964,1964,1964,1964,1964,1964,3991,3991,3991,3991,3991,3991,3991,3991,3991,3991,3991,3991,3991,3991,3991,3991,1881,1881,1881,1881,1881,1881,1881,1881,1881,1881,1881,1881,1881,1881,1881,1881,5,5,5,5,5,5,5,5,5,5,5,5,5,5,5,5,2224,2224,2224,2224,2224,2224,2224,2224,2224,2224,2224,2224,2224,2224,2224,2224,3974,3974,3974,3974,3974,3974,3974,3974
2,2,2,2,2,2588,2588,2588,2588,2588,2588,2588,2588,2588,2588,2588,2588,2588,2588,2588,2588,3887,3887,3887,3887,3887,3887,3887,3887,3887,3887,3887,3887,3887,3887,3887,3887,1296,1296,1296,1296,1296,1296,1296,1296,1296,1296,1296,1296,1296,1296,1296,1296,148,148,148,148,148,148,148,148,148,148,148,148,148,148,148,148,2803,2803,2803,2803,2803,2803,2803,2803,2803,2803,2803,2803,2803,2803,2803,2803,3803,3803,3803,3803,3803
2,2,2,2,2386,2386,2386,2386,2386,2386,2386,2386,2386,2386,2386,2386,2386,2386,2386,2386,3946,3946,3946,3946,3946,3946,3946,3946,3946,3946,3946,3946,3946,3946,3946,3946,1526,1526,1526,1526,1526,1526,1526,1526,1526,1526,1526,1526,1526,1526,1526,1526,63,63,63,63,63,63,63,63,63,63,63,63,63,63,63,63,2479,2479,2479,2479,2479,2479,2479,2479,2479,2479,2479,2479,2479,2479,2479,2479,3932,3932,3932,3932,3932,3932
3,3,3,3,3,3,2593,2593,2593,2593,2593,2593,2593,2593,2593,2593,2593,2593,2593,2593,2593,2593,3887,3887,3887,3887,3887,3887,3887,3887,3887,3887,3887,3887,3887,3887,3887,3887,1296,1296,1296,1296,1296,1296,1296,1296,1296,1296,1296,1296,1296,1296,1296,148,148,148,148,148,148,148,148,148,148,148,148,148,148,148,148,2807,2807,2807,2807,2807,2807,2807,2807,2807,2807,2807,2807,2807,2807,2807,2807,3799,3799,3799,3799,3799
3,3,3,3,3,3,3,3,3,3,3,3,3,3,3,3857,3857,3857,3857,3857,3857,3857,3857,3857,3857,3857,3857,3857,3857,3857,3857,2667,2667,2667,2667,2667,2667,2667,2667,2667,2667,2667,2667,2667,2667,2667,99,99,99,99,99,99,99,99,99,99,99,99,99,99,99,99,1438,1438,1438,1438,1438,1438,1438,1438,1438,1438,1438,1438,1438,1438,1438,1438,3929,3929,3929,3929,3929,3929,3929,3929,3929,3929,3929,3929
3,3,3,3,3,3,3,3,3,3,3,3,3,3,3852,3852,3852,3852,3852,3852,3852,3852,3852,3852,3852,3852,3852,3852,3852,3852,2681,2681,2681,2681,2681,2681,2681,2681,2681,2681,2681,2681,2681,2681,2681,2681,112,112,112,112,112,112,112,112,112,112,112,112,112,112,112,112,1362,1362,1362,1362,1362,1362,1362,1362,1362,1362,1362,1362,1362,1362,1362,1362,3894,3894,3894,3894,3894,3894,3894,3894,3894,3894,3894,3894
3,3,3,3,3,3,3,2954,2954,2954,2954,2954,2954,2954,2954,2954,2954,2954,2954,2954,2954,2954,2954,3721,3721,3721,3721,3721,3721,3721,3721,3721,3721,3721,3721,3721,3721,3721,3721,940,940,940,940,940,940,940,940,940,940,940,940,940,940,940,940,333,333,333,333,333,333,333,333,333,333,333,333,333,333,333,333,3146,3146,3146,3146,3146,3146,3146,3146,3146,3146,3146,3146,3146,3146,3146,3146,3600,3600,3600
2,2,2,2,2,2,2,2,2955,2955,2955,2955,2955,2955,2955,2955,2955,2955,2955,2955,2955,2955,2955,3721,3721,3721,3721,3721,3721,3721,3721,3721,3721,3721,3721,3721,3721,3721,3721,939,939,939,939,939,939,939,939,939,939,939,939,939,939,939,939,335,335,335,335,335,335,335,335,335,335,335,335,335,335,335,335,3151,3151,3151,3151,3151,3151,3151,3151,3151,3151,3151,3151,3151,3151,3151,3151,3593,3593,3593
2,2,2,2,2,2,2,2,3118,3118,3118,3118,3118,3118,3118,3118,3118,3118,3118,3118,3118,3118,3118,3118,3620,3620,3620,3620,3620,3620,3620,3620,3620,3620,3620,3620,3620,3620,3620,3620,794,794,794,794,794,794,794,794,794,794,794,794,794,794,794,794,420,420,420,420,420,420,420,420,420,420,420,420,420,420,420,420,3228,3228,3228,3228,3228,3228,3228,3228,3228,3228,3228,3228,3228,3228,3228,3228,3566,3566
2,2,2,2,2,2,2,2,2,3270,3270,3270,3270,3270,3270,3270,3270,3270,3270,3270,3270,3270,3270,3270,3270,3506,3506,3506,3506,3506,3506,3506,3506,3506,3506,3506,3506,3506,3506,3506,3506,664,664,664,664,664,664,664,664,664,664,664,664,664,664,664,664,523,523,523,523,523,523,523,523,523,523,523,523,523,523,523,523,3329,3329,3329,3329,3329,3329,3329,3329,3329,3329,3329,3329,3329,3329,3329,3329,3464
3,3,3,3,3,3,3,3,3,3,3,3,3619,3619,3619,3619,3619,3619,3619,3619,3619,3619,3619,3619,3619,3619,3619,3619,3170,3170,3170,3170,3170,3170,3170,3170,3170,3170,3170,3170,3170,3170,3170,3170,363,363,363,363,363,363,363,363,363,363,363,363,363,363,363,363,897,897,897,897,897,897,897,897,897,897,897,897,897,897,897,3696,3696,3696,3696,3696,3696,3696,3696,3696,3696,3696,3696,3696,3696,3696
3,3,3,3,3,3,3,3,3,3253,3253,3253,3253,3253,3253,3253,3253,3253,3253,3253,3253,3253,3253,3253,3253,3529,3529,3529,3529,3529,3529,3529,3529,3529,3529,3529,3529,3529,3529,3529,3529,713,713,713,713,713,713,713,713,713,713,713,713,713,713,713,713,471,471,471,471,471,471,471,471,471,471,471,471,471,471,471,471,3309,3309,3309,3309,3309,3309,3309,3309,3309,3309,3309,3309,3309,3309,3309,3309,3465
2,2,2,2,2,2,2,2,2,2,3431,3431,3431,3431,3431,3431,3431,3431,3431,3431,3431,3431,3431,3431,3431,3431,3347,3347,3347,3347,3347,3347,3347,3347,3347,3347,3347,3347,3347,3347,3347,3347,487,487,487,487,487,487,487,487,487,487,487,487,487,487,487,487,736,736,736,736,736,736,736,736,736,736,736,736,736,736,736,736,3579,3579,3579,3579,3579,3579,3579,3579,3579,3579,3579,3579,3579,3579,3579,3579
3,2,2,2,2,2,2,2,2,2,2,2,2,2,2,2,2,3965,3965,3965,3965,3965,3965,3965,3965,3965,3965,3965,3965,3965,3965,3965,3965,2279,2279,2279,2279,2279,2279,2279,2279,2279,2279,2279,2279,2279,2279,2279,2279,11,11,11,11,11,11,11,11,11,11,11,11,11,11,11,1831,1831,1831,1831,1831,1831,1831,1831,1831,1831,1831,1831,1831,1831,1831,1831,3991,3991,3991,3991,3991,3991,3991,3991,3991,3991
2,2,2,1994,1994,1994,1994,1994,1994,1994,1994,1994,1994,1994,1994,1994,1994,1994,3992,3992,3992,3992,3992,3992,3992,3992,3992,3992,3992,3992,3992,3992,3992,3992,1880,1880,1880,1880,1880,1880,1880,1880,1880,1880,1880,1880,1880,1880,1880,1880,5,5,5,5,5,5,5,5,5,5,5,5,5,5,5,5,2228,2228,2228,2228,2228,2228,2228,2228,2228,2228,2228,2228,2228,2228,2228,2228,3973,3973,3973,3973,3973,3973,3973,3973
2,2,2,2,2,2,2,2906,2906,2906,2906,2906,2906,2906,2906,2906,2906,2906,2906,2906,2906,2906,2906,3765,3765,3765,3765,3765,3765,3765,3765,3765,3765,3765,3765,3765,3765,3765,3765,1089,1089,1089,1089,1089,1089,1089,1089,1089,1089,1089,1089,1089,1089,1089,1089,233,233,233,233,233,233,233,233,233,233,233,233,233,233,233,233,2984,2984,2984,2984,2984,2984,2984,2984,2984,2984,2984,2984,2984,2984,2984,3705,3705,3705,3705
2,2,2,2,2,2,2,2954,2954,2954,2954,2954,2954,2954,2954,2954,2954,2954,2954,2954,2954,2954,2954,3721,3721,3721,3721,3721,3721,3721,3721,3721,3721,3721,3721,3721,3721,3721,3721,939,939,939,939,939,939,939,939,939,939,939,939,939,939,939,939,335,335,335,335,335,335,335,335,335,335,335,335,335,335,335,335,3151,3151,3151,3151,3151,3151,3151,3151,3151,3151,3151,3151,3151,3151,3151,3151,3593,3593,3593
2,2,2,2,2,2,2,2,2,3283,3283,3283,3283,3283,3283,3283,3283,3283,3283,3283,3283,3283,3283,3283,3283,3485,3485,3485,3485,3485,3485,3485,3485,3485,3485,3485,3485,3485,3485,3485,3485,625,625,625,625,625,625,625,625,625,625,625,625,625,625,625,625,589,589,589,589,589,589,589,589,589,589,589,589,589,589,589,589,3450,3450,3450,3450,3450,3450,3450,3450,3450,3450,3450,3450,3450,3450,3450,3450,3323
3,3,3,2196,2196,2196,2196,2196,2196,2196,2196,2196,2196,2196,2196,2196,2196,2196,2196,3977,3977,3977,3977,3977,3977,3977,3977,3977,3977,3977,3977,3977,3977,3977,3977,1682,1682,1682,1682,1682,1682,1682,1682,1682,1682,1682,1682,1682,1682,1682,1682,65,65,65,65,65,65,65,65,65,65,65,65,65,65,65,65,2426,2426,2426,2426,2426,2426,2426,2426,2426,2426,2426,2426,2426,2426,2426,2426,3934,3934,3934,3934,3934,3934,3934
3,3,3,3,3,2546,2546,2546,2546,2546,2546,2546,2546,2546,2546,2546,2546,2546,2546,2546,2546,3910,3910,3910,3910,3910,3910,3910,3910,3910,3910,3910,3910,3910,3910,3910,3910,1444,1444,1444,1444,1444,1444,1444,1444,1444,1444,1444,1444,1444,1444,1444,1444,83,83,83,83,83,83,83,83,83,83,83,83,83,83,83,83,2620,2620,2620,2620,2620,2620,2620,2620,2620,2620,2620,2620,2620,2620,2620,3875,3875,3875,3875,3875,3875
2,2,2,2,2,2,2,2,2,2,2,2,3678,3678,3678,3678,3678,3678,3678,3678,3678,3678,3678,3678,3678,3678,3678,3678,3028,3028,3028,3028,3028,3028,3028,3028,3028,3028,3028,3028,3028,3028,3028,3028,258,258,258,258,258,258,258,258,258,258,258,258,258,258,258,258,1068,1068,1068,1068,1068,1068,1068,1068,1068,1068,1068,1068,1068,1068,1068,1068,3788,3788,3788,3788,3788,3788,3788,3788,3788,3788,3788,3788,3788,3788
3,3,3,3,3,3,3,3,3,3,3,3,3,3,3813,3813,3813,3813,3813,3813,3813,3813,3813,3813,3813,3813,3813,3813,3813,3813,2835,2835,2835,2835,2835,2835,2835,2835,2835,2835,2835,2835,2835,2835,2835,2835,169,169,169,169,169,169,169,169,169,169,169,169,169,169,169,169,1251,1251,1251,1251,1251,1251,1251,1251,1251,1251,1251,1251,1251,1251,1251,3869,3869,3869,3869,3869,3869,3869,3869,3869,3869,3869,3869,3869
4,2,2,2,2,2,2,2,2,2,2,2,2,2,2,2,2,3988,3988,3988,3988,3988,3988,3988,3988,3988,3988,3988,3988,3988,3988,3988,3988,2081,2081,2081,2081,2081,2081,2081,2081,2081,2081,2081,2081,2081,2081,2081,2081,7,7,7,7,7,7,7,7,7,7,7,7,7,7,7,7,2024,2024,2024,2024,2024,2024,2024,2024,2024,2024,2024,2024,2024,2024,2024,2024,3991,3991,3991,3991,3991,3991,3991,3991,3991
2,2,2,2,2,2,2,2,2,2,3284,3284,3284,3284,3284,3284,3284,3284,3284,3284,3284,3284,3284,3284,3284,3485,3485,3485,3485,3485,3485,3485,3485,3485,3485,3485,3485,3485,3485,3485,3485,624,624,624,624,624,624,624,624,624,624,624,624,624,624,624,624,590,590,590,590,590,590,590,590,590,590,590,590,590,590,590,590,3452,3452,3452,3452,3452,3452,3452,3452,3452,3452,3452,3452,3452,3452,3452,3452,3322
2,2,2,2,2,2,2,2,2,3282,3282,3282,3282,3282,3282,3282,3282,3282,3282,3282,3282,3282,3282,3282,3282,3487,3487,3487,3487,3487,3487,3487,3487,3487,3487,3487,3487,3487,3487,3487,3487,628,628,628,628,628,628,628,628,628,628,628,628,628,628,628,628,583,583,583,583,583,583,583,583,583,583,583,583,583,583,583,583,3439,3439,3439,3439,3439,3439,3439,3439,3439,3439,3439,3439,3439,3439,3439,3439,3346
2,2,2,2,2,2,2,2,2,2,2,2,2,3722,3722,3722,3722,3722,3722,3722,3722,3722,3722,3722,3722,3722,3722,3722,3722,3008,3008,3008,3008,3008,3008,3008,3008,3008,3008,3008,3008,3008,3008,3008,3008,257,257,257,257,257,257,257,257,257,257,257,257,257,257,257,257,1070,1070,1070,1070,1070,1070,1070,1070,1070,1070,1070,1070,1070,1070,1070,3790,3790,3790,3790,3790,3790,3790,3790,3790,3790,3790,3790,3790,3790
4,4,4,1995,1995,1995,1995,1995,1995,1995,1995,1995,1995,1995,1995,1995,1995,1995,3992,3992,3992,3992,3992,3992,3992,3992,3992,3992,3992,3992,3992,3992,3992,3992,1880,1880,1880,1880,1880,1880,1880,1880,1880,1880,1880,1880,1880,1880,1880,1880,5,5,5,5,5,5,5,5,5,5,5,5,5,5,5,5,2230,2230,2230,2230,2230,2230,2230,2230,2230,2230,2230,2230,2230,2230,2230,2230,3973,3973,3973,3973,3973,3973,3973,3973
2,2,2,2,2,2,2,2,2,2,2,2,2,2,2,3884,3884,3884,3884,3884,3884,3884,3884,3884,3884,3884,3884,3884,3884,3884,3884,2646,2646,2646,2646,2646,2646,2646,2646,2646,2646,2646,2646,2646,2646,2646,2646,98,98,98,98,98,98,98,98,98,98,98,98,98,98,98,98,1439,1439,1439,1439,1439,1439,1439,1439,1439,1439,1439,1439,1439,1439,1439,3930,3930,3930,3930,3930,3930,3930,3930,3930,3930,3930,3930
3,3,3,3,3,3,3,3,3,3,3,3,3,3,3815,3815,3815,3815,3815,3815,3815,3815,3815,3815,3815,3815,3815,3815,3815,3815,2833,2833,2833,2833,2833,2833,2833,2833,2833,2833,2833,2833,2833,2833,2833,2833,168,168,168,168,168,168,168,168,168,168,168,168,168,168,168,168,1250,1250,1250,1250,1250,1250,1250,1250,1250,1250,1250,1250,1250,1250,1250,3869,3869,3869,3869,3869,3869,3869,3869,3869,3869,3869,3869,3869
3,3,3,3,2394,2394,2394,2394,2394,2394,2394,2394,2394,2394,2394,2394,2394,2394,2394,2394,3943,3943,3943,3943,3943,3943,3943,3943,3943,3943,3943,3943,3943,3943,3943,3943,1487,1487,1487,1487,1487,1487,1487,1487,1487,1487,1487,1487,1487,1487,1487,1487,83,83,83,83,83,83,83,83,83,83,83,83,83,83,83,83,2617,2617,2617,2617,2617,2617,2617,2617,2617,2617,2617,2617,2617,2617,2617,2617,3877,3877,3877,3877,3877,3877
2,2,2,2,2,2,2,2,2,2,3377,3377,3377,3377,3377,3377,3377,3377,3377,3377,3377,3377,3377,3377,3377,3377,3435,3435,3435,3435,3435,3435,3435,3435,3435,3435,3435,3435,3435,3435,3435,3435,610,610,610,610,610,610,610,610,610,610,610,610,610,610,610,610,590,590,590,590,590,590,590,590,590,590,590,590,590,590,590,590,3453,3453,3453,3453,3453,3453,3453,3453,3453,3453,3453,3453,3453,3453,3453,3322
3,2,2,2,2,2,2,2,2,2,2,2,2,2,2,2,2,3984,3984,3984,3984,3984,3984,3984,3984,3984,3984,3984,3984,3984,3984,3984,3984,2165,2165,2165,2165,2165,2165,2165,2165,2165,2165,2165,2165,2165,2165,2165,2165,10,10,10,10,10,10,10,10,10,10,10,10,10,10,10,10,1833,1833,1833,1833,1833,1833,1833,1833,1833,1833,1833,1833,1833,1833,1833,1833,3991,3991,3991,3991,3991,3991,3991,3991,3991
2,2,2,2,2,2,2,2,2,3283,3283,3283,3283,3283,3283,3283,3283,3283,3283,3283,3283,3283,3283,3283,3283,3486,3486,3486,3486,3486,3486,3486,3486,3486,3486,3486,3486,3486,3486,3486,3486,625,625,625,625,625,625,625,625,625,625,625,625,625,625,625,625,588,588,588,588,588,588,588,588,588,588,588,588,588,588,588,588,3447,3447,3447,3447,3447,3447,3447,3447,3447,3447,3447,3447,3447,3447,3447,3447,3332
2,2,2,2,2,2,2,2936,2936,2936,2936,2936,2936,2936,2936,2936,2936,2936,2936,2936,2936,2936,2936,3742,3742,3742,3742,3742,3742,3742,3742,3742,3742,3742,3742,3742,3742,3742,3742,1022,1022,1022,1022,1022,1022,1022,1022,1022,1022,1022,1022,1022,1022,1022,1022,256,256,256,256,256,256,256,256,256,256,256,256,256,256,256,256,2984,2984,2984,2984,2984,2984,2984,2984,2984,2984,2984,2984,2984,2984,2984,2984,3704,3704,3704
2,2,2,2,2197,2197,2197,2197,2197,2197,2197,2197,2197,2197,2197,2197,2197,2197,2197,3976,3976,3976,3976,3976,3976,3976,3976,3976,3976,3976,3976,3976,3976,3976,3976,1682,1682,1682,1682,1682,1682,1682,1682,1682,1682,1682,1682,1682,1682,1682,1682,61,61,61,61,61,61,61,61,61,61,61,61,61,61,61,61,2426,2426,2426,2426,2426,2426,2426,2426,2426,2426,2426,2426,2426,2426,2426,2426,3935,3935,3935,3935,3935,3935,3935
3,3,1983,1983,1983,1983,1983,1983,1983,1983,1983,1983,1983,1983,1983,1983,1983,1983,3993,3993,3993,3993,3993,3993,3993,3993,3993,3993,3993,3993,3993,3993,3993,3993,1882,1882,1882,1882,1882,1882,1882,1882,1882,1882,1882,1882,1882,1882,1882,1882,4,4,4,4,4,4,4,4,4,4,4,4,4,4,4,4,2225,2225,2225,2225,2225,2225,2225,2225,2225,2225,2225,2225,2225,2225,2225,2225,3973,3973,3973,3973,3973,3973,3973,3973
3,3,3,3,3,3,3,3,2955,2955,2955,2955,2955,2955,2955,2955,2955,2955,2955,2955,2955,2955,2955,3720,3720,3720,3720,3720,3720,3720,3720,3720,3720,3720,3720,3720,3720,3720,3720,939,939,939,939,939,939,939,939,939,939,939,939,939,939,939,939,335,335,335,335,335,335,335,335,335,335,335,335,335,335,335,335,3151,3151,3151,3151,3151,3151,3151,3151,3151,3151,3151,3151,3151,3151,3151,3151,3593,3593,3593
2,2,2,2,2,2,2,2,2,2,2,2,2,2,2,2,3956,3956,3956,3956,3956,3956,3956,3956,3956,3956,3956,3956,3956,3956,3956,3956,2351,2351,2351,2351,2351,2351,2351,2351,2351,2351,2351,2351,2351,2351,2351,2351,35,35,35,35,35,35,35,35,35,35,35,35,35,35,35,35,1656,1656,1656,1656,1656,1656,1656,1656,1656,1656,1656,1656,1656,1656,1656,1656,3970,3970,3970,3970,3970,3970,3970,3970,3970,3970
