2,2,2,2,2,2,2,2,2,2,2,2,2,3776,3776,3776,3776,3776,3776,3776,3776,3776,3776,3776,3776,3776,3776,3776,3776,2852,2852,2852,2852,2852,2852,2852,2852,2852,2852,2852,2852,2852,2852,2852,2852,169,169,169,169,169,169,169,169,169,169,169,169,169,169,169,169,1250,1250,1250,1250,1250,1250,1250,1250,1250,1250,1250,1250,1250,1250,1250,1250,3867,3867,3867,3867,3867,3867,3867,3867,3867,3867,3867,3867,3867
2,2,2,2,2394,2394,2394,2394,2394,2394,2394,2394,2394,2394,2394,2394,2394,2394,2394,2394,3942,3942,3942,3942,3942,3942,3942,3942,3942,3942,3942,3942,3942,3942,3942,3942,1488,1488,1488,1488,1488,1488,1488,1488,1488,1488,1488,1488,1488,1488,1488,1488,82,82,82,82,82,82,82,82,82,82,82,82,82,82,82,82,2617,2617,2617,2617,2617,2617,2617,2617,2617,2617,2617,2617,2617,2617,2617,2617,3879,3879,3879,3879,3879,3879
3,3,3,3,3,3,3,3,3,3,3,3562,3562,3562,3562,3562,3562,3562,3562,3562,3562,3562,3562,3562,3562,3562,3562,3193,3193,3193,3193,3193,3193,3193,3193,3193,3193,3193,3193,3193,3193,3193,3193,364,364,364,364,364,364,364,364,364,364,364,364,364,364,364,364,897,897,897,897,897,897,897,897,897,897,897,897,897,897,897,897,3695,3695,3695,3695,3695,3695,3695,3695,3695,3695,3695,3695,3695,3695,3695
2,2,2,2,2393,2393,2393,2393,2393,2393,2393,2393,2393,2393,2393,2393,2393,2393,2393,2393,3943,3943,3943,3943,3943,3943,3943,3943,3943,3943,3943,3943,3943,3943,3943,3943,1490,1490,1490,1490,1490,1490,1490,1490,1490,1490,1490,1490,1490,1490,1490,1490,81,81,81,81,81,81,81,81,81,81,81,81,81,81,81,81,2598,2598,2598,2598,2598,2598,2598,2598,2598,2598,2598,2598,2598,2598,2598,2598,3889,3889,3889,3889,3889,3889
3,3,3,3,3,2508,2508,2508,2508,2508,2508,2508,2508,2508,2508,2508,2508,2508,2508,2508,2508,3923,3923,3923,3923,3923,3923,3923,3923,3923,3923,3923,3923,3923,3923,3923,3923,1483,1483,1483,1483,1483,1483,1483,1483,1483,1483,1483,1483,1483,1483,1483,1483,83,83,83,83,83,83,83,83,83,83,83,83,83,83,83,83,2621,2621,2621,2621,2621,2621,2621,2621,2621,2621,2621,2621,2621,2621,2621,3875,3875,3875,3875,3875,3875
2,2,2,2,2,2,2,2,2,2,2,2,2,2,2,3921,3921,3921,3921,3921,3921,3921,3921,3921,3921,3921,3921,3921,3921,3921,3921,2475,2475,2475,2475,2475,2475,2475,2475,2475,2475,2475,2475,2475,2475,2475,2475,46,46,46,46,46,46,46,46,46,46,46,46,46,46,46,46,1633,1633,1633,1633,1633,1633,1633,1633,1633,1633,1633,1633,1633,1633,1633,1633,3968,3968,3968,3968,3968,3968,3968,3968,3968,3968,3968
2,2,2,2,2,2,2,2,2,3283,3283,3283,3283,3283,3283,3283,3283,3283,3283,3283,3283,3283,3283,3283,3283,3486,3486,3486,3486,3486,3486,3486,3486,3486,3486,3486,3486,3486,3486,3486,3486,625,625,625,625,625,625,625,625,625,625,625,625,625,625,625,625,589,589,589,589,589,589,589,589,589,589,589,589,589,589,589,589,3450,3450,3450,3450,3450,3450,3450,3450,3450,3450,3450,3450,3450,3450,3450,3450,3325
2,2,2,2,2,2,2,2,2,2,2,2,2,2,3858,3857,3857,3857,3857,3857,3857,3857,3857,3857,3857,3857,3857,3857,3857,3857,2668,2668,2668,2668,2668,2668,2668,2668,2668,2668,2668,2668,2668,2668,2668,2668,98,98,98,98,98,98,98,98,98,98,98,98,98,98,98,98,1438,1438,1438,1438,1438,1438,1438,1438,1438,1438,1438,1438,1438,1438,1438,1438,3929,3929,3929,3929,3929,3929,3929,3929,3929,3929,3929,3929
2,2,2,2,2,2,2,2,2,2,2,2,2,2,2,3917,3917,3917,3917,3917,3917,3917,3917,3917,3917,3917,3917,3917,3917,3917,3917,2483,2483,2483,2483,2483,2483,2483,2483,2483,2483,2483,2483,2483,2483,2483,2483,55,55,55,55,55,55,55,55,55,55,55,55,55,55,55,55,1591,1591,1591,1591,1591,1591,1591,1591,1591,1591,1591,1591,1591,1591,1591,1591,3953,3953,3953,3953,3953,3953,3953,3953,3953,3953,3953
2,2,2,2,2,2,2,2,2,2,2,3561,3561,3561,3561,3561,3561,3561,3561,3561,3561,3561,3561,3561,3561,3561,3561,3194,3194,3194,3194,3194,3194,3194,3194,3194,3194,3194,3194,3194,3194,3194,3194,364,364,364,364,364,364,364,364,364,364,364,364,364,364,364,364,895,895,895,895,895,895,895,895,895,895,895,895,895,895,895,895,3692,3692,3692,3692,3692,3692,3692,3692,3692,3692,3692,3692,3692,3692,3692
3,3,3,3,3,3,3,3,3,3145,3145,3145,3145,3145,3145,3145,3145,3145,3145,3145,3145,3145,3145,3145,3145,3612,3612,3612,3612,3612,3612,3612,3612,3612,3612,3612,3612,3612,3612,3612,3612,776,776,776,776,776,776,776,776,776,776,776,776,776,776,776,454,454,454,454,454,454,454,454,454,454,454,454,454,454,454,454,3310,3310,3310,3310,3310,3310,3310,3310,3310,3310,3310,3310,3310,3310,3310,3310,3465,3465
2,2,2,2,2,2,2,2,2,2,2,2,3643,3643,3643,3643,3643,3643,3643,3643,3643,3643,3643,3643,3643,3643,3643,3643,3126,3126,3126,3126,3126,3126,3126,3126,3126,3126,3126,3126,3126,3126,3126,3126,348,348,348,348,348,348,348,348,348,348,348,348,348,348,348,348,898,898,898,898,898,898,898,898,898,898,898,898,898,898,898,898,3696,3696,3696,3696,3696,3696,3696,3696,3696,3696,3696,3696,3696,3696
4,4,4,4,4,4,2588,2588,2588,2588,2588,2588,2588,2588,2588,2588,2588,2588,2588,2588,2588,2588,3887,3887,3887,3887,3887,3887,3887,3887,3887,3887,3887,3887,3887,3887,3887,1296,1296,1296,1296,1296,1296,1296,1296,1296,1296,1296,1296,1296,1296,1296,1296,148,148,148,148,148,148,148,148,148,148,148,148,148,148,148,148,2806,2806,2806,2806,2806,2806,2806,2806,2806,2806,2806,2806,2806,2806,2806,2806,3800,3800,3800,3800,3800
2,2,2,2,2,2566,2566,2566,2566,2566,2566,2566,2566,2566,2566,2566,2566,2566,2566,2566,2566,3899,3899,3899,3899,3899,3899,3899,3899,3899,3899,3899,3899,3899,3899,3899,3899,1380,1380,1380,1380,1380,1380,1380,1380,1380,1380,1380,1380,1380,1380,1380,1380,101,101,101,101,101,101,101,101,101,101,101,101,101,101,101,101,2621,2621,2621,2621,2621,2621,2621,2621,2621,2621,2621,2621,2621,2621,2621,2621,3875,3875,3875,3875,3875
3,3,3,3,3,3,3,3,3096,3096,3096,3096,3096,3096,3096,3096,3096,3096,3096,3096,3096,3096,3096,3096,3652,3652,3652,3652,3652,3652,3652,3652,3652,3652,3652,3652,3652,3652,3652,3652,881,881,881,881,881,881,881,881,881,881,881,881,881,881,881,881,339,339,339,339,339,339,339,339,339,339,339,339,339,339,339,339,3153,3153,3153,3153,3153,3153,3153,3153,3153,3153,3153,3153,3153,3153,3153,3591,3591,3591
2,2,2,2,2,2,2,2786,2786,2786,2786,2786,2786,2786,2786,2786,2786,2786,2786,2786,2786,2786,2786,3812,3812,3812,3812,3812,3812,3812,3812,3812,3812,3812,3812,3812,3812,3812,3812,1114,1114,1114,1114,1114,1114,1114,1114,1114,1114,1114,1114,1114,1114,1114,234,234,234,234,234,234,234,234,234,234,234,234,234,234,234,234,2984,2984,2984,2984,2984,2984,2984,2984,2984,2984,2984,2984,2984,2984,2984,2984,3703,3703,3703,3703
3,3,3,3,3,3,3,3,3,3,3,3,3,3,3852,3852,3852,3852,3852,3852,3852,3852,3852,3852,3852,3852,3852,3852,3852,3852,2686,2686,2686,2686,2686,2686,2686,2686,2686,2686,2686,2686,2686,2686,2686,2686,116,116,116,116,116,116,116,116,116,116,116,116,116,116,116,116,1324,1324,1324,1324,1324,1324,1324,1324,1324,1324,1324,1324,1324,1324,1324,1324,3876,3876,3876,3876,3876,3876,3876,3876,3876,3876,3876,3876
3,3,1745,1745,1745,1745,1745,1745,1745,1745,1745,1745,1745,1745,1745,1745,1745,1745,3992,3992,3992,3992,3992,3992,3992,3992,3992,3992,3992,3992,3992,3992,3992,3992,1884,1884,1884,1884,1884,1884,1884,1884,1884,1884,1884,1884,1884,1884,1884,1884,5,5,5,5,5,5,5,5,5,5,5,5,5,5,5,5,2210,2210,2210,2210,2210,2210,2210,2210,2210,2210,2210,2210,2210,2210,2210,2210,3977,3977,3977,3977,3977,3977,3977,3977
3,3,3,3,3,3,3,3,3,3277,3277,3277,3277,3277,3277,3277,3277,3277,3277,3277,3277,3277,3277,3277,3277,3498,3498,3498,3498,3498,3498,3498,3498,3498,3498,3498,3498,3498,3498,3498,3498,645,645,645,645,645,645,645,645,645,645,645,645,645,645,645,645,550,550,550,550,550,550,550,550,550,550,550,550,550,550,550,550,3374,3374,3374,3374,3374,3374,3374,3374,3374,3374,3374,3374,3374,3374,3374,3374,3447
2,2,2,2196,2196,2196,2196,2196,2196,2196,2196,2196,2196,2196,2196,2196,2196,2196,2196,3977,3977,3977,3977,3977,3977,3977,3977,3977,3977,3977,3977,3977,3977,3977,3977,1682,1682,1682,1682,1682,1682,1682,1682,1682,1682,1682,1682,1682,1682,1682,1682,27,27,27,27,27,27,27,27,27,27,27,27,27,27,27,27,2425,2425,2425,2425,2425,2425,2425,2425,2425,2425,2425,2425,2425,2425,2425,2425,3936,3936,3936,3936,3936,3936,3936
3,3,3,3,2197,2197,2197,2197,2197,2197,2197,2197,2197,2197,2197,2197,2197,2197,2197,3977,3977,3977,3977,3977,3977,3977,3977,3977,3977,3977,3977,3977,3977,3977,3977,1682,1682,1682,1682,1682,1682,1682,1682,1682,1682,1682,1682,1682,1682,1682,1682,66,66,66,66,66,66,66,66,66,66,66,66,66,66,66,66,2427,2427,2427,2427,2427,2427,2427,2427,2427,2427,2427,2427,2427,2427,2427,2427,3934,3934,3934,3934,3934,3934,3934
3,3,3,3,3,3,3,3,3,3,3,3,3,3,3,3,3957,3957,3957,3957,3957,3957,3957,3957,3957,3957,3957,3957,3957,3957,3957,3957,2355,2355,2355,2355,2355,2355,2355,2355,2355,2355,2355,2355,2355,2355,2355,2355,36,36,36,36,36,36,36,36,36,36,36,36,36,36,36,36,1641,1641,1641,1641,1641,1641,1641,1641,1641,1641,1641,1641,1641,1641,1641,1641,3970,3970,3970,3970,3970,3970,3970,3970,3970,3970
2,2,2,2,2,2,2,2,2,2,2,2,2,2,3855,3855,3855,3855,3855,3855,3855,3855,3855,3855,3855,3855,3855,3855,3855,3855,2675,2675,2675,2675,2675,2675,2675,2675,2675,2675,2675,2675,2675,2675,2675,2675,106,106,106,106,106,106,106,106,106,106,106,106,106,106,106,106,1404,1404,1404,1404,1404,1404,1404,1404,1404,1404,1404,1404,1404,1404,1404,1404,3913,3913,3913,3913,3913,3913,3913,3913,3913,3913,3913,3913
2,2,2,2,2,2582,2582,2582,2582,2582,2582,2582,2582,2582,2582,2582,2582,2582,2582,2582,2582,3892,3892,3892,3892,3892,3892,3892,3892,3892,3892,3892,3892,3892,3892,3892,3892,1309,1309,1309,1309,1309,1309,1309,1309,1309,1309,1309,1309,1309,1309,1309,1309,135,135,135,135,135,135,135,135,135,135,135,135,135,135,135,135,2748,2748,2748,2748,2748,2748,2748,2748,2748,2748,2748,2748,2748,2748,2748,2748,3840,3840,3840,3840,3840
3,3,3,3,2394,2394,2394,2394,2394,2394,2394,2394,2394,2394,2394,2394,2394,2394,2394,2394,3942,3942,3942,3942,3942,3942,3942,3942,3942,3942,3942,3942,3942,3942,3942,3942,1486,1486,1486,1486,1486,1486,1486,1486,1486,1486,1486,1486,1486,1486,1486,1486,83,83,83,83,83,83,83,83,83,83,83,83,83,83,83,83,2617,2617,2617,2617,2617,2617,2617,2617,2617,2617,2617,2617,2617,2617,2617,2617,3877,3877,3877,3877,3877,3877
3,3,3,3,2384,2384,2384,2384,2384,2384,2384,2384,2384,2384,2384,2384,2384,2384,2384,2384,3947,3947,3947,3947,3947,3947,3947,3947,3947,3947,3947,3947,3947,3947,3947,3947,1510,1510,1510,1510,1510,1510,1510,1510,1510,1510,1510,1510,1510,1510,1510,1510,69,69,69,69,69,69,69,69,69,69,69,69,69,69,69,69,2531,2531,2531,2531,2531,2531,2531,2531,2531,2531,2531,2531,2531,2531,2531,2531,3913,3913,3913,3913,3913,3913
2,2,2,2,2,2,2,2,2,2,2,2,2,2,2,2,2,3987,3987,3987,3987,3987,3987,3987,3987,3987,3987,3987,3987,3987,3987,3987,3987,2083,2083,2083,2083,2083,2083,2083,2083,2083,2083,2083,2083,2083,2083,2083,2083,9,9,9,9,9,9,9,9,9,9,9,9,9,9,9,9,2012,2012,2012,2012,2012,2012,2012,2012,2012,2012,2012,2012,2012,2012,2012,2012,3991,3991,3991,3991,3991,3991,3991,3991,3991
2,2,2,2,2,2,2,2,2,2,2,3562,3562,3562,3562,3562,3562,3562,3562,3562,3562,3562,3562,3562,3562,3562,3562,3193,3193,3193,3193,3193,3193,3193,3193,3193,3193,3193,3193,3193,3193,3193,3193,364,364,364,364,364,364,364,364,364,364,364,364,364,364,364,364,896,896,896,896,896,896,896,896,896,896,896,896,896,896,896,896,3692,3692,3692,3692,3692,3692,3692,3692,3692,3692,3692,3692,3692,3692,3692
3,3,3,3,3,3,3,3,3,3,3,3,3,3739,3739,3739,3739,3739,3739,3739,3739,3739,3739,3739,3739,3739,3739,3739,3739,2986,2986,2986,2986,2986,2986,2986,2986,2986,2986,2986,2986,2986,2986,2986,2986,257,257,257,257,257,257,257,257,257,257,257,257,257,257,257,257,1069,1069,1069,1069,1069,1069,1069,1069,1069,1069,1069,1069,1069,1069,1069,3791,3791,3791,3791,3791,3791,3791,3791,3791,3791,3791,3791,3791,3791
2,2,2,2,2,2,2,2,2,2,2,3560,3560,3560,3560,3560,3560,3560,3560,3560,3560,3560,3560,3560,3560,3560,3560,3196,3196,3196,3196,3196,3196,3196,3196,3196,3196,3196,3196,3196,3196,3196,3196,369,369,369,369,369,369,369,369,369,369,369,369,369,369,369,369,882,882,882,882,882,882,882,882,882,882,882,882,882,882,882,882,3672,3672,3672,3672,3672,3672,3672,3672,3672,3672,3672,3672,3672,3672,3672
2,2,2,2,2,2,2,2,2,2,2,2,2,2,3788,3788,3788,3788,3788,3788,3788,3788,3788,3788,3788,3788,3788,3788,3788,3788,2853,2853,2853,2853,2853,2853,2853,2853,2853,2853,2853,2853,2853,2853,2853,2853,169,169,169,169,169,169,169,169,169,169,169,169,169,169,169,1250,1250,1250,1250,1250,1250,1250,1250,1250,1250,1250,1250,1250,1250,1250,1250,3870,3870,3870,3870,3870,3870,3870,3870,3870,3870,3870,3870,3870
3,3,3,3,3,3,3,3,3,3,3,3431,3431,3431,3431,3431,3431,3431,3431,3431,3431,3431,3431,3431,3431,3431,3431,3346,3346,3346,3346,3346,3346,3346,3346,3346,3346,3346,3346,3346,3346,3346,486,486,486,486,486,486,486,486,486,486,486,486,486,486,486,486,737,737,737,737,737,737,737,737,737,737,737,737,737,737,737,737,3582,3582,3582,3582,3582,3582,3582,3582,3582,3582,3582,3582,3582,3582,3582,3582
3,3,3,3,3,3,3,3,3,3,3,3,3676,3676,3676,3676,3676,3676,3676,3676,3676,3676,3676,3676,3676,3676,3676,3676,3029,3029,3029,3029,3029,3029,3029,3029,3029,3029,3029,3029,3029,3029,3029,3029,259,259,259,259,259,259,259,259,259,259,259,259,259,259,259,259,1064,1064,1064,1064,1064,1064,1064,1064,1064,1064,1064,1064,1064,1064,1064,1064,3785,3785,3785,3785,3785,3785,3785,3785,3785,3785,3785,3785,3785,3785
4,4,566,566,566,566,566,566,566,566,566,566,566,566,566,566,566,566,3992,3992,3992,3992,3992,3992,3992,3992,3992,3992,3992,3992,3992,3992,3992,3992,2015,2015,2015,2015,2015,2015,2015,2015,2015,2015,2015,2015,2015,2015,2015,2015,4,4,4,4,4,4,4,4,4,4,4,4,4,4,4,4,2032,2032,2032,2032,2032,2032,2032,2032,2032,2032,2032,2032,2032,2032,2032,2032,3992,3992,3992,3992,3992,3992,3992,3992
4,2,2,2,2,2,2,2,2,2,2,2,2,2,2,2,2,3988,3988,3988,3988,3988,3988,3988,3988,3988,3988,3988,3988,3988,3988,3988,3988,2082,2082,2082,2082,2082,2082,2082,2082,2082,2082,2082,2082,2082,2082,2082,2082,7,7,7,7,7,7,7,7,7,7,7,7,7,7,7,7,2017,2017,2017,2017,2017,2017,2017,2017,2017,2017,2017,2017,2017,2017,2017,2017,3991,3991,3991,3991,3991,3991,3991,3991,3991
3,3,3,3,3,3,3,3,3,3282,3282,3282,3282,3282,3282,3282,3282,3282,3282,3282,3282,3282,3282,3282,3282,3487,3487,3487,3487,3487,3487,3487,3487,3487,3487,3487,3487,3487,3487,3487,3487,625,625,625,625,625,625,625,625,625,625,625,625,625,625,625,625,586,586,586,586,586,586,586,586,586,586,586,586,586,586,586,586,3448,3448,3448,3448,3448,3448,3448,3448,3448,3448,3448,3448,3448,3448,3448,3448,3333
2,2,2,2,2,2,2,2,3125,3125,3125,3125,3125,3125,3125,3125,3125,3125,3125,3125,3125,3125,3125,3125,3613,3613,3613,3613,3613,3613,3613,3613,3613,3613,3613,3613,3613,3613,3613,3613,777,777,777,777,777,777,777,777,777,777,777,777,777,777,777,777,451,451,451,451,451,451,451,451,451,451,451,451,451,451,451,451,3301,3301,3301,3301,3301,3301,3301,3301,3301,3301,3301,3301,3301,3301,3301,3301,3475,3475
3,3,3,3,3,3,3,2795,2795,2795,2795,2795,2795,2795,2795,2795,2795,2795,2795,2795,2795,2795,2795,3813,3813,3813,3813,3813,3813,3813,3813,3813,3813,3813,3813,3813,3813,3813,3813,1113,1113,1113,1113,1113,1113,1113,1113,1113,1113,1113,1113,1113,1113,1113,233,233,233,233,233,233,233,233,233,233,233,233,233,233,233,233,2984,2984,2984,2984,2984,2984,2984,2984,2984,2984,2984,2984,2984,2984,2984,2984,3703,3703,3703,3703
3,3,3,2193,2193,2193,2193,2193,2193,2193,2193,2193,2193,2193,2193,2193,2193,2193,2193,3978,3978,3978,3978,3978,3978,3978,3978,3978,3978,3978,3978,3978,3978,3978,3978,1690,1690,1690,1690,1690,1690,1690,1690,1690,1690,1690,1690,1690,1690,1690,1690,8,8,8,8,8,8,8,8,8,8,8,8,8,8,8,8,2377,2377,2377,2377,2377,2377,2377,2377,2377,2377,2377,2377,2377,2377,2377,2377,3956,3956,3956,3956,3956,3956,3956
3,3,3,3,3,3,3,3,3,3,3,3,3,3,3,3,3,3987,3987,3987,3987,3987,3987,3987,3987,3987,3987,3987,3987,3987,3987,3987,3987,2081,2081,2081,2081,2081,2081,2081,2081,2081,2081,2081,2081,2081,2081,2081,2081,7,7,7,7,7,7,7,7,7,7,7,7,7,7,7,7,2027,2027,2027,2027,2027,2027,2027,2027,2027,2027,2027,2027,2027,2027,2027,2027,3991,3991,3991,3991,3991,3991,3991,3991,3991
3,3,3,3,2381,2381,2381,2381,2381,2381,2381,2381,2381,2381,2381,2381,2381,2381,2381,2381,3948,3948,3948,3948,3948,3948,3948,3948,3948,3948,3948,3948,3948,3948,3948,3948,1536,1536,1536,1536,1536,1536,1536,1536,1536,1536,1536,1536,1536,1536,1536,1536,57,57,57,57,57,57,57,57,57,57,57,57,57,57,57,57,2452,2452,2452,2452,2452,2452,2452,2452,2452,2452,2452,2452,2452,2452,2452,2452,3935,3935,3935,3935,3935,3935
2,2,2,2,2,2,2,2,2,2,2,2,3567,3567,3567,3567,3567,3567,3567,3567,3567,3567,3567,3567,3567,3567,3567,3567,3193,3193,3193,3193,3193,3193,3193,3193,3193,3193,3193,3193,3193,3193,3193,3193,363,363,363,363,363,363,363,363,363,363,363,363,363,363,363,898,898,898,898,898,898,898,898,898,898,898,898,898,898,898,898,3696,3696,3696,3696,3696,3696,3696,3696,3696,3696,3696,3696,3696,3696,3696
2,2,2,2,2,2,2,2,2,2,2,3554,3554,3554,3554,3554,3554,3554,3554,3554,3554,3554,3554,3554,3554,3554,3554,3210,3210,3210,3210,3210,3210,3210,3210,3210,3210,3210,3210,3210,3210,3210,3210,390,390,390,390,390,390,390,390,390,390,390,390,390,390,390,390,830,830,830,830,830,830,830,830,830,830,830,830,830,830,830,830,3621,3621,3621,3621,3621,3621,3621,3621,3621,3621,3621,3621,3621,3621,3621
3,3,1915,1915,1915,1915,1915,1915,1915,1915,1915,1915,1915,1915,1915,1915,1915,1915,3993,3993,3993,3993,3993,3993,3993,3993,3993,3993,3993,3993,3993,3993,3993,3993,1882,1882,1882,1882,1882,1882,1882,1882,1882,1882,1882,1882,1882,1882,1882,1882,4,4,4,4,4,4,4,4,4,4,4,4,4,4,4,4,2215,2215,2215,2215,2215,2215,2215,2215,2215,2215,2215,2215,2215,2215,2215,2215,3976,3976,3976,3976,3976,3976,3976,3976
3,3,3,3,3,3,3,3,3124,3124,3124,3124,3124,3124,3124,3124,3124,3124,3124,3124,3124,3124,3124,3124,3613,3613,3613,3613,3613,3613,3613,3613,3613,3613,3613,3613,3613,3613,3613,3613,777,777,777,777,777,777,777,777,777,777,777,777,777,777,777,777,451,451,451,451,451,451,451,451,451,451,451,451,451,451,451,451,3301,3301,3301,3301,3301,3301,3301,3301,3301,3301,3301,3301,3301,3301,3301,3301,3478,3478
2,2,2,2,2,2,2,2,2,2,2,2,2,2,2,3918,3918,3918,3918,3918,3918,3918,3918,3918,3918,3918,3918,3918,3918,3918,3918,2483,2483,2483,2483,2483,2483,2483,2483,2483,2483,2483,2483,2483,2483,2483,2483,54,54,54,54,54,54,54,54,54,54,54,54,54,54,54,54,1593,1593,1593,1593,1593,1593,1593,1593,1593,1593,1593,1593,1593,1593,1593,1593,3954,3954,3954,3954,3954,3954,3954,3954,3954,3954,3954
3,2,2,2,2,2,2,2,2,2,2,2,2,2,2,2,2,3987,3987,3987,3987,3987,3987,3987,3987,3987,3987,3987,3987,3987,3987,3987,3987,2092,2092,2092,2092,2092,2092,2092,2092,2092,2092,2092,2092,2092,2092,2092,2092,9,9,9,9,9,9,9,9,9,9,9,9,9,9,9,9,1925,1925,1925,1925,1925,1925,1925,1925,1925,1925,1925,1925,1925,1925,1925,1925,3990,3990,3990,3990,3990,3990,3990,3990,3990
2,2,2,2,2,2,2,2,2,2,2,2,2,2,3799,3799,3799,3799,3799,3799,3799,3799,3799,3799,3799,3799,3799,3799,3799,3799,2852,2852,2852,2852,2852,2852,2852,2852,2852,2852,2852,2852,2852,2852,2852,2852,169,169,169,169,169,169,169,169,169,169,169,169,169,169,169,1250,1250,1250,1250,1250,1250,1250,1250,1250,1250,1250,1250,1250,1250,1250,1250,3869,3869,3869,3869,3869,3869,3869,3869,3869,3869,3869,3869,3869
4,4,4,4,4,4,4,4,3122,3122,3122,3122,3122,3122,3122,3122,3122,3122,3122,3122,3122,3122,3122,3122,3615,3615,3615,3615,3615,3615,3615,3615,3615,3615,3615,3615,3615,3615,3615,3615,780,780,780,780,780,780,780,780,780,780,780,780,780,780,780,780,447,447,447,447,447,447,447,447,447,447,447,447,447,447,447,447,3296,3296,3296,3296,3296,3296,3296,3296,3296,3296,3296,3296,3296,3296,3296,3296,3484,3484
3,3,3,3,3,3,3,3,3,3,3,3,3678,3678,3678,3678,3678,3678,3678,3678,3678,3678,3678,3678,3678,3678,3678,3678,3028,3028,3028,3028,3028,3028,3028,3028,3028,3028,3028,3028,3028,3028,3028,3028,257,257,257,257,257,257,257,257,257,257,257,257,257,257,257,257,1069,1069,1069,1069,1069,1069,1069,1069,1069,1069,1069,1069,1069,1069,1069,1069,3791,3791,3791,3791,3791,3791,3791,3791,3791,3791,3791,3791,3791,3791
2,2,2,2,2,2,2,2,2,2,2,2,3677,3677,3677,3677,3677,3677,3677,3677,3677,3677,3677,3677,3677,3677,3677,3677,3027,3027,3027,3027,3027,3027,3027,3027,3027,3027,3027,3027,3027,3027,3027,3027,258,258,258,258,258,258,258,258,258,258,258,258,258,258,258,258,1067,1067,1067,1067,1067,1067,1067,1067,1067,1067,1067,1067,1067,1067,1067,1067,3788,3788,3788,3788,3788,3788,3788,3788,3788,3788,3788,3788,3788,3788
3,3,1855,1855,1855,1855,1855,1855,1855,1855,1855,1855,1855,1855,1855,1855,1855,1855,3993,3993,3993,3993,3993,3993,3993,3993,3993,3993,3993,3993,3993,3993,3993,3993,1882,1882,1882,1882,1882,1882,1882,1882,1882,1882,1882,1882,1882,1882,1882,1882,6,6,6,6,6,6,6,6,6,6,6,6,6,6,6,6,2220,2220,2220,2220,2220,2220,2220,2220,2220,2220,2220,2220,2220,2220,2220,2220,3974,3974,3974,3974,3974,3974,3974,3974
3,3,3,3,3,3,3,3,3122,3122,3122,3122,3122,3122,3122,3122,3122,3122,3122,3122,3122,3122,3122,3122,3615,3615,3615,3615,3615,3615,3615,3615,3615,3615,3615,3615,3615,3615,3615,3615,780,780,780,780,780,780,780,780,780,780,780,780,780,780,780,780,445,445,445,445,445,445,445,445,445,445,445,445,445,445,445,445,3291,3291,3291,3291,3291,3291,3291,3291,3291,3291,3291,3291,3291,3291,3291,3291,3490,3490
2,2,2,2,2394,2394,2394,2394,2394,2394,2394,2394,2394,2394,2394,2394,2394,2394,2394,2394,3943,3943,3943,3943,3943,3943,3943,3943,3943,3943,3943,3943,3943,3943,3943,3943,1487,1487,1487,1487,1487,1487,1487,1487,1487,1487,1487,1487,1487,1487,1487,1487,83,83,83,83,83,83,83,83,83,83,83,83,83,83,83,83,2617,2617,2617,2617,2617,2617,2617,2617,2617,2617,2617,2617,2617,2617,2617,2617,3879,3879,3879,3879,3879,3879
3,3,3,3,3,3,3,3,3,3,3,3,3,3,3,3,3930,3930,3930,3930,3930,3930,3930,3930,3930,3930,3930,3930,3930,3930,3930,3930,2476,2476,2476,2476,2476,2476,2476,2476,2476,2476,2476,2476,2476,2476,2476,2476,46,46,46,46,46,46,46,46,46,46,46,46,46,46,46,1633,1633,1633,1633,1633,1633,1633,1633,1633,1633,1633,1633,1633,1633,1633,1633,3970,3970,3970,3970,3970,3970,3970,3970,3970,3970,3970
2,2,2,2,2,2,2,2,2,2,2,2,2,2,2,3910,3910,3910,3910,3910,3910,3910,3910,3910,3910,3910,3910,3910,3910,3910,3910,2538,2538,2538,2538,2538,2538,2538,2538,2538,2538,2538,2538,2538,2538,2538,2538,76,76,76,76,76,76,76,76,76,76,76,76,76,76,76,76,1455,1455,1455,1455,1455,1455,1455,1455,1455,1455,1455,1455,1455,1455,1455,1455,3929,3929,3929,3929,3929,3929,3929,3929,3929,3929,3929
3,3,3,3,3,3,3,3,3,3,3,3,3,3,3,3920,3920,3920,3920,3920,3920,3920,3920,3920,3920,3920,3920,3920,3920,3920,3920,2476,2476,2476,2476,2476,2476,2476,2476,2476,2476,2476,2476,2476,2476,2476,2476,46,46,46,46,46,46,46,46,46,46,46,46,46,46,46,46,1628,1628,1628,1628,1628,1628,1628,1628,1628,1628,1628,1628,1628,1628,1628,1628,3966,3966,3966,3966,3966,3966,3966,3966,3966,3966,3966
3,3,3,3,2393,2393,2393,2393,2393,2393,2393,2393,2393,2393,2393,2393,2393,2393,2393,2393,3943,3943,3943,3943,3943,3943,3943,3943,3943,3943,3943,3943,3943,3943,3943,3943,1489,1489,1489,1489,1489,1489,1489,1489,1489,1489,1489,1489,1489,1489,1489,1489,81,81,81,81,81,81,81,81,81,81,81,81,81,81,81,81,2603,2603,2603,2603,2603,2603,2603,2603,2603,2603,2603,2603,2603,2603,2603,2603,3887,3887,3887,3887,3887,3887
3,3,3,3,3,3,3,2928,2928,2928,2928,2928,2928,2928,2928,2928,2928,2928,2928,2928,2928,2928,2928,3746,3746,3746,3746,3746,3746,3746,3746,3746,3746,3746,3746,3746,3746,3746,3746,1026,1026,1026,1026,1026,1026,1026,1026,1026,1026,1026,1026,1026,1026,1026,1026,258,258,258,258,258,258,258,258,258,258,258,258,258,258,258,258,2984,2984,2984,2984,2984,2984,2984,2984,2984,2984,2984,2984,2984,2984,2984,2984,3703,3703,3703
2,2,2,2,2,2,2,2,2,2,2,2,2,2,2,3894,3894,3894,3894,3894,3894,3894,3894,3894,3894,3894,3894,3894,3894,3894,3894,2637,2637,2637,2637,2637,2637,2637,2637,2637,2637,2637,2637,2637,2637,2637,2637,97,97,97,97,97,97,97,97,97,97,97,97,97,97,97,97,1438,1438,1438,1438,1438,1438,1438,1438,1438,1438,1438,1438,1438,1438,1438,3930,3930,3930,3930,3930,3930,3930,3930,3930,3930,3930,3930
2,2,2,2,2,2,2,2,2,2,2,2,2,3770,3770,3770,3770,3770,3770,3770,3770,3770,3770,3770,3770,3770,3770,3770,3770,2864,2864,2864,2864,2864,2864,2864,2864,2864,2864,2864,2864,2864,2864,2864,2864,185,185,185,185,185,185,185,185,185,185,185,185,185,185,185,185,1187,1187,1187,1187,1187,1187,1187,1187,1187,1187,1187,1187,1187,1187,1187,1187,3820,3820,3820,3820,3820,3820,3820,3820,3820,3820,3820,3820,3820
2,2,2,2,2,2,2,2,2,3283,3283,3283,3283,3283,3283,3283,3283,3283,3283,3283,3283,3283,3283,3283,3283,3488,3488,3488,3488,3488,3488,3488,3488,3488,3488,3488,3488,3488,3488,3488,3488,627,627,627,627,627,627,627,627,627,627,627,627,627,627,627,627,584,584,584,584,584,584,584,584,584,584,584,584,584,584,584,584,3439,3439,3439,3439,3439,3439,3439,3439,3439,3439,3439,3439,3439,3439,3439,3439,3349
4,4,4,4,4,4,4,4,4,4,3427,3427,3427,3427,3427,3427,3427,3427,3427,3427,3427,3427,3427,3427,3427,3427,3351,3351,3351,3351,3351,3351,3351,3351,3351,3351,3351,3351,3351,3351,3351,3351,494,494,494,494,494,494,494,494,494,494,494,494,494,494,494,494,719,719,719,719,719,719,719,719,719,719,719,719,719,719,719,719,3553,3553,3553,3553,3553,3553,3553,3553,3553,3553,3553,3553,3553,3553,3553,3553
2,2,2,2,2,2,2,2,2,2,2,2,3675,3675,3675,3675,3675,3675,3675,3675,3675,3675,3675,3675,3675,3675,3675,3675,3031,3031,3031,3031,3031,3031,3031,3031,3031,3031,3031,3031,3031,3031,3031,3031,265,265,265,265,265,265,265,265,265,265,265,265,265,265,265,265,1051,1051,1051,1051,1051,1051,1051,1051,1051,1051,1051,1051,1051,1051,1051,1051,3769,3769,3769,3769,3769,3769,3769,3769,3769,3769,3769,3769,3769,3769
2,2,2,2,2,2,2,2,2,2,2,2,2,2,2,2,3964,3964,3964,3964,3964,3964,3964,3964,3964,3964,3964,3964,3964,3964,3964,3964,2280,2280,2280,2280,2280,2280,2280,2280,2280,2280,2280,2280,2280,2280,2280,2280,17,17,17,17,17,17,17,17,17,17,17,17,17,17,17,17,1819,1819,1819,1819,1819,1819,1819,1819,1819,1819,1819,1819,1819,1819,1819,1819,3988,3988,3988,3988,3988,3988,3988,3988,3988,3988
2,2,2,2,2,2,2,2,2,2,2,2,2,3777,3777,3777,3777,3777,3777,3777,3777,3777,3777,3777,3777,3777,3777,3777,3777,2852,2852,2852,2852,2852,2852,2852,2852,2852,2852,2852,2852,2852,2852,2852,2852,169,169,169,169,169,169,169,169,169,169,169,169,169,169,169,169,1249,1249,1249,1249,1249,1249,1249,1249,1249,1249,1249,1249,1249,1249,1249,1249,3869,3869,3869,3869,3869,3869,3869,3869,3869,3869,3869,3869,3869
4,4,4,4,2393,2393,2393,2393,2393,2393,2393,2393,2393,2393,2393,2393,2393,2393,2393,2393,3943,3943,3943,3943,3943,3943,3943,3943,3943,3943,3943,3943,3943,3943,3943,3943,1491,1491,1491,1491,1491,1491,1491,1491,1491,1491,1491,1491,1491,1491,1491,1491,80,80,80,80,80,80,80,80,80,80,80,80,80,80,80,80,2593,2593,2593,2593,2593,2593,2593,2593,2593,2593,2593,2593,2593,2593,2593,2593,3891,3891,3891,3891,3891,3891
2,2,2,2,2,2,2,2,2,2,2,2,3600,3600,3600,3600,3600,3600,3600,3600,3600,3600,3600,3600,3600,3600,3600,3600,3190,3190,3190,3190,3190,3190,3190,3190,3190,3190,3190,3190,3190,3190,3190,3190,364,364,364,364,364,364,364,364,364,364,364,364,364,364,364,364,898,898,898,898,898,898,898,898,898,898,898,898,898,898,898,3695,3695,3695,3695,3695,3695,3695,3695,3695,3695,3695,3695,3695,3695,3695
3,3,3,2048,2048,2048,2048,2048,2048,2048,2048,2048,2048,2048,2048,2048,2048,2048,2048,3991,3991,3991,3991,3991,3991,3991,3991,3991,3991,3991,3991,3991,3991,3991,3991,1880,1880,1880,1880,1880,1880,1880,1880,1880,1880,1880,1880,1880,1880,1880,1880,5,5,5,5,5,5,5,5,5,5,5,5,5,5,5,2230,2230,2230,2230,2230,2230,2230,2230,2230,2230,2230,2230,2230,2230,2230,2230,3972,3972,3972,3972,3972,3972,3972,3972
3,3,3,3,3,3,3,3,3,3,3,3,3,3,3,3857,3857,3857,3857,3857,3857,3857,3857,3857,3857,3857,3857,3857,3857,3857,3857,2667,2667,2667,2667,2667,2667,2667,2667,2667,2667,2667,2667,2667,2667,2667,2667,99,99,99,99,99,99,99,99,99,99,99,99,99,99,99,1439,1439,1439,1439,1439,1439,1439,1439,1439,1439,1439,1439,1439,1439,1439,1439,3929,3929,3929,3929,3929,3929,3929,3929,3929,3929,3929,3929
2,2,2,2,2,2,2,2,2,2,2,2,2,2,2,3909,3909,3909,3909,3909,3909,3909,3909,3909,3909,3909,3909,3909,3909,3909,3909,2530,2530,2530,2530,2530,2530,2530,2530,2530,2530,2530,2530,2530,2530,2530,2530,71,71,71,71,71,71,71,71,71,71,71,71,71,71,71,71,1478,1478,1478,1478,1478,1478,1478,1478,1478,1478,1478,1478,1478,1478,1478,1478,3930,3930,3930,3930,3930,3930,3930,3930,3930,3930,3930
2,2,2,2,2,2,2,2,2,2,2,2,3678,3678,3678,3678,3678,3678,3678,3678,3678,3678,3678,3678,3678,3678,3678,3678,3028,3028,3028,3028,3028,3028,3028,3028,3028,3028,3028,3028,3028,3028,3028,3028,258,258,258,258,258,258,258,258,258,258,258,258,258,258,258,258,1069,1069,1069,1069,1069,1069,1069,1069,1069,1069,1069,1069,1069,1069,1069,1069,3789,3789,3789,3789,3789,3789,3789,3789,3789,3789,3789,3789,3789,3789
2,2,2,2,2,2,2,2,2,3274,3274,3274,3274,3274,3274,3274,3274,3274,3274,3274,3274,3274,3274,3274,3274,3501,3501,3501,3501,3501,3501,3501,3501,3501,3501,3501,3501,3501,3501,3501,3501,657,657,657,657,657,657,657,657,657,657,657,657,657,657,657,657,536,536,536,536,536,536,536,536,536,536,536,536,536,536,536,536,3349,3349,3349,3349,3349,3349,3349,3349,3349,3349,3349,3349,3349,3349,3349,3349,3464
3,3,3,3,3,3,3,3,3,3,3,3,3,3,3,3,3,3970,3970,3970,3970,3970,3970,3970,3970,3970,3970,3970,3970,3970,3970,3970,3970,2279,2279,2279,2279,2279,2279,2279,2279,2279,2279,2279,2279,2279,2279,2279,2279,11,11,11,11,11,11,11,11,11,11,11,11,11,11,11,1830,1830,1830,1830,1830,1830,1830,1830,1830,1830,1830,1830,1830,1830,1830,1830,3991,3991,3991,3991,3991,3991,3991,3991,3991,3991
3,2,2,2,2,2,2,2,2,2,2,2,2,2,2,2,2,3986,3986,3986,3986,3986,3986,3986,3986,3986,3986,3986,3986,3986,3986,3986,3986,2110,2110,2110,2110,2110,2110,2110,2110,2110,2110,2110,2110,2110,2110,2110,2110,10,10,10,10,10,10,10,10,10,10,10,10,10,10,10,10,1893,1893,1893,1893,1893,1893,1893,1893,1893,1893,1893,1893,1893,1893,1893,1893,3990,3990,3990,3990,3990,3990,3990,3990,3990
3,3,3,3,3,3,3,3,3100,3100,3100,3100,3100,3100,3100,3100,3100,3100,3100,3100,3100,3100,3100,3100,3643,3643,3643,3643,3643,3643,3643,3643,3643,3643,3643,3643,3643,3643,3643,3643,855,855,855,855,855,855,855,855,855,855,855,855,855,855,855,855,365,365,365,365,365,365,365,365,365,365,365,365,365,365,365,365,3154,3154,3154,3154,3154,3154,3154,3154,3154,3154,3154,3154,3154,3154,3154,3154,3592,3592
3,3,3,3,3,3,3,3,3,3,3,3561,3561,3561,3561,3561,3561,3561,3561,3561,3561,3561,3561,3561,3561,3561,3561,3193,3193,3193,3193,3193,3193,3193,3193,3193,3193,3193,3193,3193,3193,3193,3193,365,365,365,365,365,365,365,365,365,365,365,365,365,365,365,365,896,896,896,896,896,896,896,896,896,896,896,896,896,896,896,896,3693,3693,3693,3693,3693,3693,3693,3693,3693,3693,3693,3693,3693,3693,3693
2,2,2,2,2,2,2,2,2,2,2,2,2,2,2,3915,3915,3915,3915,3915,3915,3915,3915,3915,3915,3915,3915,3915,3915,3915,3915,2492,2492,2492,2492,2492,2492,2492,2492,2492,2492,2492,2492,2492,2492,2492,2492,60,60,60,60,60,60,60,60,60,60,60,60,60,60,60,60,1535,1535,1535,1535,1535,1535,1535,1535,1535,1535,1535,1535,1535,1535,1535,1535,3939,3939,3939,3939,3939,3939,3939,3939,3939,3939,3939
3,3,3,3,3,2557,2557,2557,2557,2557,2557,2557,2557,2557,2557,2557,2557,2557,2557,2557,2557,3905,3905,3905,3905,3905,3905,3905,3905,3905,3905,3905,3905,3905,3905,3905,3905,1419,1419,1419,1419,1419,1419,1419,1419,1419,1419,1419,1419,1419,1419,1419,1419,87,87,87,87,87,87,87,87,87,87,87,87,87,87,87,87,2620,2620,2620,2620,2620,2620,2620,2620,2620,2620,2620,2620,2620,2620,2620,2620,3876,3876,3876,3876,3876
3,3,3,3,3,3,3,3,3,3,3426,3426,3426,3426,3426,3426,3426,3426,3426,3426,3426,3426,3426,3426,3426,3426,3352,3352,3352,3352,3352,3352,3352,3352,3352,3352,3352,3352,3352,3352,3352,3352,496,496,496,496,496,496,496,496,496,496,496,496,496,496,496,496,719,719,719,719,719,719,719,719,719,719,719,719,719,719,719,719,3554,3554,3554,3554,3554,3554,3554,3554,3554,3554,3554,3554,3554,3554,3554,3554
2,2,2,2,2,2,2,2951,2951,2951,2951,2951,2951,2951,2951,2951,2951,2951,2951,2951,2951,2951,2951,3724,3724,3724,3724,3724,3724,3724,3724,3724,3724,3724,3724,3724,3724,3724,3724,947,947,947,947,947,947,947,947,947,947,947,947,947,947,947,947,320,320,320,320,320,320,320,320,320,320,320,320,320,320,320,320,3106,3106,3106,3106,3106,3106,3106,3106,3106,3106,3106,3106,3106,3106,3106,3106,3647,3647,3647
3,3,3,3,3,2394,2394,2394,2394,2394,2394,2394,2394,2394,2394,2394,2394,2394,2394,2394,2394,3942,3942,3942,3942,3942,3942,3942,3942,3942,3942,3942,3942,3942,3942,3942,1487,1487,1487,1487,1487,1487,1487,1487,1487,1487,1487,1487,1487,1487,1487,1487,83,83,83,83,83,83,83,83,83,83,83,83,83,83,83,83,2619,2619,2619,2619,2619,2619,2619,2619,2619,2619,2619,2619,2619,2619,2619,2619,3875,3875,3875,3875,3875,3875
3,3,3,3,3,3,2772,2772,2772,2772,2772,2772,2772,2772,2772,2772,2772,2772,2772,2772,2772,2772,3818,3818,3818,3818,3818,3818,3818,3818,3818,3818,3818,3818,3818,3818,3818,3818,1121,1121,1121,1121,1121,1121,1121,1121,1121,1121,1121,1121,1121,1121,1121,1121,222,222,222,222,222,222,222,222,222,222,222,222,222,222,222,222,2936,2936,2936,2936,2936,2936,2936,2936,2936,2936,2936,2936,2936,2936,2936,2936,3746,3746,3746,3746
2,2,2,2,2,2,2776,2776,2776,2776,2776,2776,2776,2776,2776,2776,2776,2776,2776,2776,2776,2776,3814,3814,3814,3814,3814,3814,3814,3814,3814,3814,3814,3814,3814,3814,3814,3814,1114,1114,1114,1114,1114,1114,1114,1114,1114,1114,1114,1114,1114,1114,1114,1114,233,233,233,233,233,233,233,233,233,233,233,233,233,233,233,233,2979,2979,2979,2979,2979,2979,2979,2979,2979,2979,2979,2979,2979,2979,2979,2979,3710,3710,3710,3710
2,2,2,2,2,2,2,2,2,2,2,2,2,2,3854,3854,3854,3854,3854,3854,3854,3854,3854,3854,3854,3854,3854,3854,3854,3854,2675,2675,2675,2675,2675,2675,2675,2675,2675,2675,2675,2675,2675,2675,2675,2675,107,107,107,107,107,107,107,107,107,107,107,107,107,107,107,107,1400,1400,1400,1400,1400,1400,1400,1400,1400,1400,1400,1400,1400,1400,1400,1400,3910,3910,3910,3910,3910,3910,3910,3910,3910,3910,3910,3910
3,3,3,3,2394,2394,2394,2394,2394,2394,2394,2394,2394,2394,2394,2394,2394,2394,2394,2394,3943,3943,3943,3943,3943,3943,3943,3943,3943,3943,3943,3943,3943,3943,3943,3943,1487,1487,1487,1487,1487,1487,1487,1487,1487,1487,1487,1487,1487,1487,1487,1487,83,83,83,83,83,83,83,83,83,83,83,83,83,83,83,83,2616,2616,2616,2616,2616,2616,2616,2616,2616,2616,2616,2616,2616,2616,2616,2616,3879,3879,3879,3879,3879,3879
2,2,2,2,2,2,2,2,2,2,3429,3429,3429,3429,3429,3429,3429,3429,3429,3429,3429,3429,3429,3429,3429,3429,3348,3348,3348,3348,3348,3348,3348,3348,3348,3348,3348,3348,3348,3348,3348,3348,488,488,488,488,488,488,488,488,488,488,488,488,488,488,488,488,734,734,734,734,734,734,734,734,734,734,734,734,734,734,734,734,3577,3577,3577,3577,3577,3577,3577,3577,3577,3577,3577,3577,3577,3577,3577,3577
3,2,2,2,2,2,2,2,2,2,2,2,2,2,2,2,2,3988,3988,3988,3988,3988,3988,3988,3988,3988,3988,3988,3988,3988,3988,3988,3988,2082,2082,2082,2082,2082,2082,2082,2082,2082,2082,2082,2082,2082,2082,2082,2082,7,7,7,7,7,7,7,7,7,7,7,7,7,7,7,7,2022,2022,2022,2022,2022,2022,2022,2022,2022,2022,2022,2022,2022,2022,2022,2022,3991,3991,3991,3991,3991,3991,3991,3991,3991
3,3,3,3,3,3,3,2777,2777,2777,2777,2777,2777,2777,2777,2777,2777,2777,2777,2777,2777,2777,2777,3813,3813,3813,3813,3813,3813,3813,3813,3813,3813,3813,3813,3813,3813,3813,3813,1114,1114,1114,1114,1114,1114,1114,1114,1114,1114,1114,1114,1114,1114,1114,234,234,234,234,234,234,234,234,234,234,234,234,234,234,234,234,2984,2984,2984,2984,2984,2984,2984,2984,2984,2984,2984,2984,2984,2984,2984,2984,3703,3703,3703,3703
4,4,4,4,4,4,4,4,4,3257,3257,3257,3257,3257,3257,3257,3257,3257,3257,3257,3257,3257,3257,3257,3257,3523,3523,3523,3523,3523,3523,3523,3523,3523,3523,3523,3523,3523,3523,3523,3523,702,702,702,702,702,702,702,702,702,702,702,702,702,702,702,702,480,480,480,480,480,480,480,480,480,480,480,480,480,480,480,480,3309,3309,3309,3309,3309,3309,3309,3309,3309,3309,3309,3309,3309,3309,3309,3309,3464
3,3,326,326,326,326,326,326,326,326,326,326,326,326,326,326,326,326,3992,3992,3992,3992,3992,3992,3992,3992,3992,3992,3992,3992,3992,3992,3992,3992,2047,2047,2047,2047,2047,2047,2047,2047,2047,2047,2047,2047,2047,2047,2047,2047,4,4,4,4,4,4,4,4,4,4,4,4,4,4,4,4,2033,2033,2033,2033,2033,2033,2033,2033,2033,2033,2033,2033,2033,2033,2033,2033,3991,3991,3991,3991,3991,3991,3991,3991
2,2,2,2,2,2,2,2933,2933,2933,2933,2933,2933,2933,2933,2933,2933,2933,2933,2933,2933,2933,2933,3737,3737,3737,3737,3737,3737,3737,3737,3737,3737,3737,3737,3737,3737,3737,3737,978,978,978,978,978,978,978,978,978,978,978,978,978,978,978,978,297,297,297,297,297,297,297,297,297,297,297,297,297,297,297,297,3051,3051,3051,3051,3051,3051,3051,3051,3051,3051,3051,3051,3051,3051,3051,3051,3686,3686,3686
3,3,3,2197,2197,2197,2197,2197,2197,2197,2197,2197,2197,2197,2197,2197,2197,2197,2197,3976,3976,3976,3976,3976,3976,3976,3976,3976,3976,3976,3976,3976,3976,3976,3976,1682,1682,1682,1682,1682,1682,1682,1682,1682,1682,1682,1682,1682,1682,1682,1682,42,42,42,42,42,42,42,42,42,42,42,42,42,42,42,42,2426,2426,2426,2426,2426,2426,2426,2426,2426,2426,2426,2426,2426,2426,2426,2426,3935,3935,3935,3935,3935,3935,3935
3,3,4,4,4,4,4,4,4,4,4,4,4,4,4,4,4,4,3989,3989,3989,3989,3989,3989,3989,3989,3989,3989,3989,3989,3989,3989,3989,3989,2081,2081,2081,2081,2081,2081,2081,2081,2081,2081,2081,2081,2081,2081,2081,5,5,5,5,5,5,5,5,5,5,5,5,5,5,5,5,2030,2030,2030,2030,2030,2030,2030,2030,2030,2030,2030,2030,2030,2030,2030,2030,3992,3992,3992,3992,3992,3992,3992,3992,3992
2,2,2,2,2,2,2,2,2,2,2,2,2,2,2,2,3936,3936,3936,3936,3936,3936,3936,3936,3936,3936,3936,3936,3936,3936,3936,3936,2471,2471,2471,2471,2471,2471,2471,2471,2471,2471,2471,2471,2471,2471,2471,2471,46,46,46,46,46,46,46,46,46,46,46,46,46,46,46,46,1633,1633,1633,1633,1633,1633,1633,1633,1633,1633,1633,1633,1633,1633,1633,3970,3970,3970,3970,3970,3970,3970,3970,3970,3970,3970
2,2,2,2,2,2,2589,2589,2589,2589,2589,2589,2589,2589,2589,2589,2589,2589,2589,2589,2589,2589,3887,3887,3887,3887,3887,3887,3887,3887,3887,3887,3887,3887,3887,3887,3887,3887,1296,1296,1296,1296,1296,1296,1296,1296,1296,1296,1296,1296,1296,1296,1296,148,148,148,148,148,148,148,148,148,148,148,148,148,148,148,148,2806,2806,2806,2806,2806,2806,2806,2806,2806,2806,2806,2806,2806,2806,2806,2806,3799,3799,3799,3799,3799
2,2,2,2,2,2,2,2,2,2,2,2,2,2,2,2,3921,3921,3921,3921,3921,3921,3921,3921,3921,3921,3921,3921,3921,3921,3921,2475,2475,2475,2475,2475,2475,2475,2475,2475,2475,2475,2475,2475,2475,2475,2475,45,45,45,45,45,45,45,45,45,45,45,45,45,45,45,45,1633,1633,1633,1633,1633,1633,1633,1633,1633,1633,1633,1633,1633,1633,1633,1633,3969,3969,3969,3969,3969,3969,3969,3969,3969,3969,3969
2,2,2,2,2,2,2,2954,2954,2954,2954,2954,2954,2954,2954,2954,2954,2954,2954,2954,2954,2954,2954,3722,3722,3722,3722,3722,3722,3722,3722,3722,3722,3722,3722,3722,3722,3722,3722,940,940,940,940,940,940,940,940,940,940,940,940,940,940,940,940,334,334,334,334,334,334,334,334,334,334,334,334,334,334,334,334,3148,3148,3148,3148,3148,3148,3148,3148,3148,3148,3148,3148,3148,3148,3148,3148,3598,3598,3598
2,2,2,2,2,2580,2580,2580,2580,2580,2580,2580,2580,2580,2580,2580,2580,2580,2580,2580,2580,3892,3892,3892,3892,3892,3892,3892,3892,3892,3892,3892,3892,3892,3892,3892,3892,1316,1316,1316,1316,1316,1316,1316,1316,1316,1316,1316,1316,1316,1316,1316,1316,130,130,130,130,130,130,130,130,130,130,130,130,130,130,130,130,2714,2714,2714,2714,2714,2714,2714,2714,2714,2714,2714,2714,2714,2714,2714,2714,3863,3863,3863,3863,3863
3,2,2,2,2,2,2,2,2,2,2,2,2,2,2,2,2,3979,3979,3979,3979,3979,3979,3979,3979,3979,3979,3979,3979,3979,3979,3979,3979,2234,2234,2234,2234,2234,2234,2234,2234,2234,2234,2234,2234,2234,2234,2234,2234,11,11,11,11,11,11,11,11,11,11,11,11,11,11,11,11,1832,1832,1832,1832,1832,1832,1832,1832,1832,1832,1832,1832,1832,1832,1832,3991,3991,3991,3991,3991,3991,3991,3991,3991,3991
