2,2,2,2,2,2,2,2,2,2,2,3567,3567,3567,3567,3567,3567,3567,3567,3567,3567,3567,3567,3567,3567,3567,3567,3200,3200,3200,3200,3200,3200,3200,3200,3200,3200,3200,3200,3200,3200,3200,481,481,481,481,481,481,481,481,481,481,481,481,481,481,481,481,723,723,723,723,723,723,723,723,723,723,723,723,723,723,723,3457,3457,3457,3457,3457,3457,3457,3457,3457,3457,3457,3457,3457,3457,3457,3457,3350
2,2,2,2,2,2,2,2,2,3287,3287,3287,3287,3287,3287,3287,3287,3287,3287,3287,3287,3287,3287,3287,3287,3618,3618,3618,3618,3618,3618,3618,3618,3618,3618,3618,3618,3618,3618,3618,774,774,774,774,774,774,774,774,774,774,774,774,774,774,774,330,330,330,330,330,330,330,330,330,330,330,330,330,330,330,330,3145,3145,3145,3145,3145,3145,3145,3145,3145,3145,3145,3145,3145,3145,3145,3709,3709,3709,3709
3,3,3,3,3,2590,2590,2590,2590,2590,2590,2590,2590,2590,2590,2590,2590,2590,2590,2590,2590,3897,3897,3897,3897,3897,3897,3897,3897,3897,3897,3897,3897,3897,3897,3897,1485,1485,1485,1485,1485,1485,1485,1485,1485,1485,1485,1485,1485,1485,1485,1485,84,84,84,84,84,84,84,84,84,84,84,84,84,84,84,2428,2428,2428,2428,2428,2428,2428,2428,2428,2428,2428,2428,2428,2428,2428,2428,3947,3947,3947,3947,3947,3947,3947
0,0,0,0,0,0,0,0,0,0,0,0,0,3692,3692,3692,3692,3692,3692,3692,3692,3692,3692,3692,3692,3692,3692,3692,3032,3032,3032,3032,3032,3032,3032,3032,3032,3032,3032,3032,3032,3032,3032,3032,358,358,358,358,358,358,358,358,358,358,358,358,358,358,358,892,892,892,892,892,892,892,892,892,892,892,892,892,892,892,892,3587,3587,3587,3587,3587,3587,3587,3587,3587,3587,3587,3587,3587,3587,3587
2,2,2,2,2,2,2,2,2,3132,3132,3132,3132,3132,3132,3132,3132,3132,3132,3132,3132,3132,3132,3132,3619,3619,3619,3619,3619,3619,3619,3619,3619,3619,3619,3619,3619,3619,3619,3619,935,935,935,935,935,935,935,935,935,935,935,935,935,935,935,326,326,326,326,326,326,326,326,326,326,326,326,326,326,326,2987,2987,2987,2987,2987,2987,2987,2987,2987,2987,2987,2987,2987,2987,2987,2987,3723,3723,3723,3723
2,2,2,2,2,2456,2456,2456,2456,2456,2456,2456,2456,2456,2456,2456,2456,2456,2456,2456,3949,3949,3949,3949,3949,3949,3949,3949,3949,3949,3949,3949,3949,3949,3949,3949,1681,1681,1681,1681,1681,1681,1681,1681,1681,1681,1681,1681,1681,1681,1681,5,5,5,5,5,5,5,5,5,5,5,5,5,5,5,2230,2230,2230,2230,2230,2230,2230,2230,2230,2230,2230,2230,2230,2230,2230,2230,3981,3981,3981,3981,3981,3981,3981,3981
2,2,2,2,2,2,2,2,2,2,3434,3434,3434,3434,3434,3434,3434,3434,3434,3434,3434,3434,3434,3434,3434,3434,3458,3458,3458,3458,3458,3458,3458,3458,3458,3458,3458,3458,3458,3458,3458,621,621,621,621,621,621,621,621,621,621,621,621,621,621,621,621,449,449,449,449,449,449,449,449,449,449,449,449,449,449,449,3310,3310,3310,3310,3310,3310,3310,3310,3310,3310,3310,3310,3310,3310,3310,3596,3596,3596
2,2,2,2,2,2,2,2,2,2,2,2,2,3782,3782,3782,3782,3782,3782,3782,3782,3782,3782,3782,3782,3782,3782,3782,3782,3013,3013,3013,3013,3013,3013,3013,3013,3013,3013,3013,3013,3013,3013,3013,254,254,254,254,254,254,254,254,254,254,254,254,254,254,254,254,894,894,894,894,894,894,894,894,894,894,894,894,894,894,894,3695,3695,3695,3695,3695,3695,3695,3695,3695,3695,3695,3695,3695,3695,3695
2,2,2,2,2,2,2,2,2,2,2,2,3683,3683,3683,3683,3683,3683,3683,3683,3683,3683,3683,3683,3683,3683,3683,3683,3143,3143,3143,3143,3143,3143,3143,3143,3143,3143,3143,3143,3143,3143,3143,359,359,359,359,359,359,359,359,359,359,359,359,359,359,359,359,732,732,732,732,732,732,732,732,732,732,732,732,732,732,732,3583,3583,3583,3583,3583,3583,3583,3583,3583,3583,3583,3583,3583,3583,3583,3325
2,2,2,2,2,2,2,2,2,2,2,2,2,2,2,3907,3907,3907,3907,3907,3907,3907,3907,3907,3907,3907,3907,3907,3907,3907,2670,2670,2670,2670,2670,2670,2670,2670,2670,2670,2670,2670,2670,2670,2670,2670,140,140,140,140,140,140,140,140,140,140,140,140,140,140,140,1248,1248,1248,1248,1248,1248,1248,1248,1248,1248,1248,1248,1248,1248,1248,1248,3797,3797,3797,3797,3797,3797,3797,3797,3797,3797,3797,3797,3797
1,1,1,1,1,2589,2589,2589,2589,2589,2589,2589,2589,2589,2589,2589,2589,2589,2589,2589,2589,3899,3899,3899,3899,3899,3899,3899,3899,3899,3899,3899,3899,3899,3899,3899,1485,1485,1485,1485,1485,1485,1485,1485,1485,1485,1485,1485,1485,1485,1485,1485,84,84,84,84,84,84,84,84,84,84,84,84,84,84,84,2427,2427,2427,2427,2427,2427,2427,2427,2427,2427,2427,2427,2427,2427,2427,2427,3964,3964,3964,3964,3964,3964,3964
2,2,2,2,2,2,2,2,2,2,2,2,2,3780,3780,3780,3780,3780,3780,3780,3780,3780,3780,3780,3780,3780,3780,3780,3780,2880,2880,2880,2880,2880,2880,2880,2880,2880,2880,2880,2880,2880,2880,2880,251,251,251,251,251,251,251,251,251,251,251,251,251,251,251,251,1015,1015,1015,1015,1015,1015,1015,1015,1015,1015,1015,1015,1015,1015,1015,3699,3699,3699,3699,3699,3699,3699,3699,3699,3699,3699,3699,3699,3699,3699
2,2,2,2,2,2,2,2,2,2,2,3567,3567,3567,3567,3567,3567,3567,3567,3567,3567,3567,3567,3567,3567,3567,3567,3209,3209,3209,3209,3209,3209,3209,3209,3209,3209,3209,3209,3209,3209,3209,481,481,481,481,481,481,481,481,481,481,481,481,481,481,481,481,709,709,709,709,709,709,709,709,709,709,709,709,709,709,709,3456,3456,3456,3456,3456,3456,3456,3456,3456,3456,3456,3456,3456,3456,3456,3456,3406
2,2,2,2,2,2,2,2,2,2,3405,3405,3405,3405,3405,3405,3405,3405,3405,3405,3405,3405,3405,3405,3405,3490,3490,3490,3490,3490,3490,3490,3490,3490,3490,3490,3490,3490,3490,3490,3490,677,677,677,677,677,677,677,677,677,677,677,677,677,677,677,448,448,448,448,448,448,448,448,448,448,448,448,448,448,448,448,3202,3202,3202,3202,3202,3202,3202,3202,3202,3202,3202,3202,3202,3202,3202,3598,3598,3598
8,8,8,8,8,2431,2431,2431,2431,2431,2431,2431,2431,2431,2431,2431,2431,2431,2431,2431,3949,3949,3949,3949,3949,3949,3949,3949,3949,3949,3949,3949,3949,3949,3949,3949,1681,1681,1681,1681,1681,1681,1681,1681,1681,1681,1681,1681,1681,1681,1681,5,5,5,5,5,5,5,5,5,5,5,5,5,5,5,2230,2230,2230,2230,2230,2230,2230,2230,2230,2230,2230,2230,2230,2230,2230,2230,3981,3981,3981,3981,3981,3981,3981,3981
3,3,1987,1987,1987,1987,1987,1987,1987,1987,1987,1987,1987,1987,1987,1987,1987,1987,3999,3999,3999,3999,3999,3999,3999,3999,3999,3999,3999,3999,3999,3999,3999,2080,2080,2080,2080,2080,2080,2080,2080,2080,2080,2080,2080,2080,2080,2080,2080,5,5,5,5,5,5,5,5,5,5,5,5,5,5,5,1830,1830,1830,1830,1830,1830,1830,1830,1830,1830,1830,1830,1830,1830,1830,1830,3990,3990,3990,3990,3990,3990,3990,3990,3990,3990
4,3,3,3,3,3,3,3,3,3,3,3,3,3,3,3,3970,3970,3970,3970,3970,3970,3970,3970,3970,3970,3970,3970,3970,3970,3970,3970,2477,2477,2477,2477,2477,2477,2477,2477,2477,2477,2477,2477,2477,2477,2477,40,40,40,40,40,40,40,40,40,40,40,40,40,40,40,40,1436,1436,1436,1436,1436,1436,1436,1436,1436,1436,1436,1436,1436,1436,1436,3933,3933,3933,3933,3933,3933,3933,3933,3933,3933,3933,3933
2,2,2,2,2,2,2,2,3126,3126,3126,3126,3126,3126,3126,3126,3126,3126,3126,3126,3126,3126,3126,3126,3706,3706,3706,3706,3706,3706,3706,3706,3706,3706,3706,3706,3706,3706,3706,936,936,936,936,936,936,936,936,936,936,936,936,936,936,936,936,228,228,228,228,228,228,228,228,228,228,228,228,228,228,228,2981,2981,2981,2981,2981,2981,2981,2981,2981,2981,2981,2981,2981,2981,2981,2981,3804,3804,3804,3804
3,3,3,3,2394,2394,2394,2394,2394,2394,2394,2394,2394,2394,2394,2394,2394,2394,2394,2394,3983,3983,3983,3983,3983,3983,3983,3983,3983,3983,3983,3983,3983,3983,3983,1687,1687,1687,1687,1687,1687,1687,1687,1687,1687,1687,1687,1687,1687,1687,3,3,3,3,3,3,3,3,3,3,3,3,3,3,3,3,2223,2223,2223,2223,2223,2223,2223,2223,2223,2223,2223,2223,2223,2223,2223,3998,3998,3998,3998,3998,3998,3998,3998,3998
2,2,13,13,13,13,13,13,13,13,13,13,13,13,13,13,13,3996,3996,3996,3996,3996,3996,3996,3996,3996,3996,3996,3996,3996,3996,3996,3996,2162,2162,2162,2162,2162,2162,2162,2162,2162,2162,2162,2162,2162,2162,2162,9,9,9,9,9,9,9,9,9,9,9,9,9,9,9,9,1680,1680,1680,1680,1680,1680,1680,1680,1680,1680,1680,1680,1680,1680,1680,3976,3976,3976,3976,3976,3976,3976,3976,3976,3976,3976
1,1,1,1,1,1,1,1,1,1,1,1,3682,3682,3682,3682,3682,3682,3682,3682,3682,3682,3682,3682,3682,3682,3682,3682,3062,3062,3062,3062,3062,3062,3062,3062,3062,3062,3062,3062,3062,3062,3062,359,359,359,359,359,359,359,359,359,359,359,359,359,359,359,359,817,817,817,817,817,817,817,817,817,817,817,817,817,817,817,3586,3586,3586,3586,3586,3586,3586,3586,3586,3586,3586,3586,3586,3586,3586,3586
5,5,5,2197,2197,2197,2197,2197,2197,2197,2197,2197,2197,2197,2197,2197,2197,2197,2197,3983,3983,3983,3983,3983,3983,3983,3983,3983,3983,3983,3983,3983,3983,3983,1878,1878,1878,1878,1878,1878,1878,1878,1878,1878,1878,1878,1878,1878,1878,1878,3,3,3,3,3,3,3,3,3,3,3,3,3,3,3,2031,2031,2031,2031,2031,2031,2031,2031,2031,2031,2031,2031,2031,2031,2031,2031,3998,3998,3998,3998,3998,3998,3998,3998,3998
2,2,2,2,2,2,2,2,2,2,2,2,2,2,2,2,3950,3950,3950,3950,3950,3950,3950,3950,3950,3950,3950,3950,3950,3950,3950,2477,2477,2477,2477,2477,2477,2477,2477,2477,2477,2477,2477,2477,2477,2477,2477,92,92,92,92,92,92,92,92,92,92,92,92,92,92,92,1435,1435,1435,1435,1435,1435,1435,1435,1435,1435,1435,1435,1435,1435,1435,3875,3875,3875,3875,3875,3875,3875,3875,3875,3875,3875,3875,3875
2,2,2,2,2,2,2,2,2,2,2,2,2,2,2,3924,3924,3924,3924,3924,3924,3924,3924,3924,3924,3924,3924,3924,3924,3924,2669,2669,2669,2669,2669,2669,2669,2669,2669,2669,2669,2669,2669,2669,2669,2669,102,102,102,102,102,102,102,102,102,102,102,102,102,102,102,1245,1245,1245,1245,1245,1245,1245,1245,1245,1245,1245,1245,1245,1245,1245,1245,3843,3843,3843,3843,3843,3843,3843,3843,3843,3843,3843,3843,3843
2,2,2,2,2,2,2,2,2,2,2,2,2,2,3782,3782,3782,3782,3782,3782,3782,3782,3782,3782,3782,3782,3782,3782,3782,2852,2852,2852,2852,2852,2852,2852,2852,2852,2852,2852,2852,2852,2852,2852,2852,251,251,251,251,251,251,251,251,251,251,251,251,251,251,251,1063,1063,1063,1063,1063,1063,1063,1063,1063,1063,1063,1063,1063,1063,1063,3701,3701,3701,3701,3701,3701,3701,3701,3701,3701,3701,3701,3701,3701,3701
2,2,2,2,2,2,2,2,2,2,3287,3287,3287,3287,3287,3287,3287,3287,3287,3287,3287,3287,3287,3287,3287,3495,3495,3495,3495,3495,3495,3495,3495,3495,3495,3495,3495,3495,3495,3495,770,770,770,770,770,770,770,770,770,770,770,770,770,770,770,770,439,439,439,439,439,439,439,439,439,439,439,439,439,439,439,3156,3156,3156,3156,3156,3156,3156,3156,3156,3156,3156,3156,3156,3156,3156,3156,3627,3627,3627
2,2,2,2,2,2589,2589,2589,2589,2589,2589,2589,2589,2589,2589,2589,2589,2589,2589,2589,2589,3899,3899,3899,3899,3899,3899,3899,3899,3899,3899,3899,3899,3899,3899,3899,1485,1485,1485,1485,1485,1485,1485,1485,1485,1485,1485,1485,1485,1485,1485,1485,86,86,86,86,86,86,86,86,86,86,86,86,86,86,86,2428,2428,2428,2428,2428,2428,2428,2428,2428,2428,2428,2428,2428,2428,2428,2428,3947,3947,3947,3947,3947,3947,3947
2,2,2,2,2,2,2,2,2,2,2,2,2,2,3845,3845,3845,3845,3845,3845,3845,3845,3845,3845,3845,3845,3845,3845,3845,2855,2855,2855,2855,2855,2855,2855,2855,2855,2855,2855,2855,2855,2855,2855,2855,205,205,205,205,205,205,205,205,205,205,205,205,205,205,205,1066,1066,1066,1066,1066,1066,1066,1066,1066,1066,1066,1066,1066,1066,1066,1066,3706,3706,3706,3706,3706,3706,3706,3706,3706,3706,3706,3706,3706,3706
2,2,2,2,2,2,2,2957,2957,2957,2957,2957,2957,2957,2957,2957,2957,2957,2957,2957,2957,2957,2957,3767,3767,3767,3767,3767,3767,3767,3767,3767,3767,3767,3767,3767,3767,3767,1112,1112,1112,1112,1112,1112,1112,1112,1112,1112,1112,1112,1112,1112,1112,1112,149,149,149,149,149,149,149,149,149,149,149,149,149,149,149,2808,2808,2808,2808,2808,2808,2808,2808,2808,2808,2808,2808,2808,2808,2808,2808,3881,3881,3881,3881,3881
2,2,2,2,2,2,2,2,2,2,2,2,2,2,2,2,3953,3953,3953,3953,3953,3953,3953,3953,3953,3953,3953,3953,3953,3953,3953,2478,2478,2478,2478,2478,2478,2478,2478,2478,2478,2478,2478,2478,2478,2478,2478,90,90,90,90,90,90,90,90,90,90,90,90,90,90,90,1436,1436,1436,1436,1436,1436,1436,1436,1436,1436,1436,1436,1436,1436,1436,1436,3877,3877,3877,3877,3877,3877,3877,3877,3877,3877,3877,3877
1,1,1,1,1,1,1,1,1,3281,3281,3281,3281,3281,3281,3281,3281,3281,3281,3281,3281,3281,3281,3281,3616,3616,3616,3616,3616,3616,3616,3616,3616,3616,3616,3616,3616,3616,3616,3616,789,789,789,789,789,789,789,789,789,789,789,789,789,789,789,329,329,329,329,329,329,329,329,329,329,329,329,329,329,329,329,3132,3132,3132,3132,3132,3132,3132,3132,3132,3132,3132,3132,3132,3132,3132,3710,3710,3710,3710
3,3,1086,1086,1086,1086,1086,1086,1086,1086,1086,1086,1086,1086,1086,1086,1086,1086,3995,3995,3995,3995,3995,3995,3995,3995,3995,3995,3995,3995,3995,3995,3995,2087,2087,2087,2087,2087,2087,2087,2087,2087,2087,2087,2087,2087,2087,2087,8,8,8,8,8,8,8,8,8,8,8,8,8,8,8,8,1820,1820,1820,1820,1820,1820,1820,1820,1820,1820,1820,1820,1820,1820,1820,3976,3976,3976,3976,3976,3976,3976,3976,3976,3976,3976
2,2,2,2,2,2,2,2778,2778,2778,2778,2778,2778,2778,2778,2778,2778,2778,2778,2778,2778,2778,3818,3818,3818,3818,3818,3818,3818,3818,3818,3818,3818,3818,3818,3818,3818,1294,1294,1294,1294,1294,1294,1294,1294,1294,1294,1294,1294,1294,1294,1294,1294,138,138,138,138,138,138,138,138,138,138,138,138,138,138,138,2621,2621,2621,2621,2621,2621,2621,2621,2621,2621,2621,2621,2621,2621,2621,2621,3901,3901,3901,3901,3901,3901
2,2,14,14,14,14,14,14,14,14,14,14,14,14,14,14,14,3995,3995,3995,3995,3995,3995,3995,3995,3995,3995,3995,3995,3995,3995,3995,3995,2135,2135,2135,2135,2135,2135,2135,2135,2135,2135,2135,2135,2135,2135,2135,9,9,9,9,9,9,9,9,9,9,9,9,9,9,9,9,1739,1739,1739,1739,1739,1739,1739,1739,1739,1739,1739,1739,1739,1739,1739,3975,3975,3975,3975,3975,3975,3975,3975,3975,3975,3975
3,3,3,3,3,3,3,3,3,3,3,3,3,3,3,3919,3919,3919,3919,3919,3919,3919,3919,3919,3919,3919,3919,3919,3919,3919,2669,2669,2669,2669,2669,2669,2669,2669,2669,2669,2669,2669,2669,2669,2669,2669,115,115,115,115,115,115,115,115,115,115,115,115,115,115,115,1248,1248,1248,1248,1248,1248,1248,1248,1248,1248,1248,1248,1248,1248,1248,1248,3816,3816,3816,3816,3816,3816,3816,3816,3816,3816,3816,3816,3816
4,4,4,4,2369,2369,2369,2369,2369,2369,2369,2369,2369,2369,2369,2369,2369,2369,2369,3983,3983,3983,3983,3983,3983,3983,3983,3983,3983,3983,3983,3983,3983,3983,3983,1755,1755,1755,1755,1755,1755,1755,1755,1755,1755,1755,1755,1755,1755,1755,4,4,4,4,4,4,4,4,4,4,4,4,4,4,4,4,2116,2116,2116,2116,2116,2116,2116,2116,2116,2116,2116,2116,2116,2116,2116,3998,3998,3998,3998,3998,3998,3998,3998,3998
2,2,2,2,2395,2395,2395,2395,2395,2395,2395,2395,2395,2395,2395,2395,2395,2395,2395,2395,3954,3954,3954,3954,3954,3954,3954,3954,3954,3954,3954,3954,3954,3954,3954,1681,1681,1681,1681,1681,1681,1681,1681,1681,1681,1681,1681,1681,1681,1681,1681,3,3,3,3,3,3,3,3,3,3,3,3,3,3,3,2229,2229,2229,2229,2229,2229,2229,2229,2229,2229,2229,2229,2229,2229,2229,2229,3997,3997,3997,3997,3997,3997,3997,3997
2,2,2,2,2,2,2778,2778,2778,2778,2778,2778,2778,2778,2778,2778,2778,2778,2778,2778,2778,2778,3892,3892,3892,3892,3892,3892,3892,3892,3892,3892,3892,3892,3892,3892,3892,1296,1296,1296,1296,1296,1296,1296,1296,1296,1296,1296,1296,1296,1296,1296,93,77,77,77,77,77,77,77,77,77,77,77,77,77,77,77,2615,2615,2615,2615,2615,2615,2615,2615,2615,2615,2615,2615,2615,2615,2615,3940,3940,3940,3940,3940,3940,3940
3,3,3,3,3,3,3,3,3,3,3,3,3,3,3,3,3946,3946,3946,3946,3946,3946,3946,3946,3946,3946,3946,3946,3946,3946,3946,2477,2477,2477,2477,2477,2477,2477,2477,2477,2477,2477,2477,2477,2477,2477,2477,93,93,93,93,93,93,93,93,93,93,93,93,93,93,93,1435,1435,1435,1435,1435,1435,1435,1435,1435,1435,1435,1435,1435,1435,1435,3876,3876,3876,3876,3876,3876,3876,3876,3876,3876,3876,3876,3876
2,2,2,2,2,2,2,2,2,2,2,2,2,2,2,3900,3900,3900,3900,3900,3900,3900,3900,3900,3900,3900,3900,3900,3900,3900,2670,2670,2670,2670,2670,2670,2670,2670,2670,2670,2670,2670,2670,2670,2670,2670,141,141,141,141,141,141,141,141,141,141,141,141,141,141,141,1247,1247,1247,1247,1247,1247,1247,1247,1247,1247,1247,1247,1247,1247,1247,1247,3800,3800,3800,3800,3800,3800,3800,3800,3800,3800,3800,3800,3800
4,4,4,4,4,4,4,4,4,4,4,4,4,3727,3727,3727,3727,3727,3727,3727,3727,3727,3727,3727,3727,3727,3727,3727,3031,3031,3031,3031,3031,3031,3031,3031,3031,3031,3031,3031,3031,3031,3031,3031,358,358,358,358,358,358,358,358,358,358,358,358,358,358,358,892,892,892,892,892,892,892,892,892,892,892,892,892,892,892,3587,3587,3587,3587,3587,3587,3587,3587,3587,3587,3587,3587,3587,3587,3587,3587
2,2,2,2,2,2,2,2,3127,3127,3127,3127,3127,3127,3127,3127,3127,3127,3127,3127,3127,3127,3127,3127,3660,3660,3660,3660,3660,3660,3660,3660,3660,3660,3660,3660,3660,3660,3660,933,933,933,933,933,933,933,933,933,933,933,933,933,933,933,933,242,242,242,242,242,242,242,242,242,242,242,242,242,242,242,2986,2986,2986,2986,2986,2986,2986,2986,2986,2986,2986,2986,2986,2986,2986,2986,3803,3803,3803,3803
2,2,2,2,2,2,2,2,2,2,2,2,2,2,2,3915,3915,3915,3915,3915,3915,3915,3915,3915,3915,3915,3915,3915,3915,3915,2669,2669,2669,2669,2669,2669,2669,2669,2669,2669,2669,2669,2669,2669,2669,2669,120,120,120,120,120,120,120,120,120,120,120,120,120,120,120,1247,1247,1247,1247,1247,1247,1247,1247,1247,1247,1247,1247,1247,1247,1247,1247,3799,3799,3799,3799,3799,3799,3799,3799,3799,3799,3799,3799,3799
2,2,2,2,2,2,2,2,2967,2967,2967,2967,2967,2967,2967,2967,2967,2967,2967,2967,2967,2967,2967,3727,3727,3727,3727,3727,3727,3727,3727,3727,3727,3727,3727,3727,3727,3727,3727,1111,1111,1111,1111,1111,1111,1111,1111,1111,1111,1111,1111,1111,1111,1111,225,225,225,225,225,225,225,225,225,225,225,225,225,225,225,2806,2806,2806,2806,2806,2806,2806,2806,2806,2806,2806,2806,2806,2806,2806,2806,3811,3811,3811,3811,3811
2,2,2,2,2,2,2,2,2,2,2,2,3660,3660,3660,3660,3660,3660,3660,3660,3660,3660,3660,3660,3660,3660,3660,3196,3196,3196,3196,3196,3196,3196,3196,3196,3196,3196,3196,3196,3196,3196,3196,408,408,408,408,408,408,408,408,408,408,408,408,408,408,408,731,731,731,731,731,731,731,731,731,731,731,731,731,731,731,731,3491,3491,3491,3491,3491,3491,3491,3491,3491,3491,3491,3491,3491,3491,3491,3327
2,2,2,2,2,2,2,2,2,2,2,2,2,2,2,3927,3927,3927,3927,3927,3927,3927,3927,3927,3927,3927,3927,3927,3927,3927,3927,2545,2545,2545,2545,2545,2545,2545,2545,2545,2545,2545,2545,2545,2545,2545,93,93,93,93,93,93,93,93,93,93,93,93,93,93,93,93,1288,1288,1288,1288,1288,1288,1288,1288,1288,1288,1288,1288,1288,1288,1288,3875,3875,3875,3875,3875,3875,3875,3875,3875,3875,3875,3875,3875
2,2,2,2,2,2,2,2,2,2,2,3567,3567,3567,3567,3567,3567,3567,3567,3567,3567,3567,3567,3567,3567,3567,3567,3242,3242,3242,3242,3242,3242,3242,3242,3242,3242,3242,3242,3242,3242,3242,481,481,481,481,481,481,481,481,481,481,481,481,481,481,481,481,630,630,630,630,630,630,630,630,630,630,630,630,630,630,630,3455,3455,3455,3455,3455,3455,3455,3455,3455,3455,3455,3455,3455,3455,3455,3455,3469
2,2,2,2,2,2,2,2,2,2,2,2,2,2,2,3927,3927,3927,3927,3927,3927,3927,3927,3927,3927,3927,3927,3927,3927,3927,3927,2585,2585,2585,2585,2585,2585,2585,2585,2585,2585,2585,2585,2585,2585,2585,92,92,92,92,92,92,92,92,92,92,92,92,92,92,92,92,1288,1288,1288,1288,1288,1288,1288,1288,1288,1288,1288,1288,1288,1288,1288,3875,3875,3875,3875,3875,3875,3875,3875,3875,3875,3875,3875,3875
1,1,1,1,2307,2307,2307,2307,2307,2307,2307,2307,2307,2307,2307,2307,2307,2307,2307,3984,3984,3984,3984,3984,3984,3984,3984,3984,3984,3984,3984,3984,3984,3984,3984,1858,1858,1858,1858,1858,1858,1858,1858,1858,1858,1858,1858,1858,1858,1858,5,5,5,5,5,5,5,5,5,5,5,5,5,5,5,5,2031,2031,2031,2031,2031,2031,2031,2031,2031,2031,2031,2031,2031,2031,2031,3998,3998,3998,3998,3998,3998,3998,3998,3998
2,3,3,3,3,3,3,3,3,3,3,3,3,3,3,3,3970,3970,3970,3970,3970,3970,3970,3970,3970,3970,3970,3970,3970,3970,3970,3970,2335,2335,2335,2335,2335,2335,2335,2335,2335,2335,2335,2335,2335,2335,2335,39,39,39,39,39,39,39,39,39,39,39,39,39,39,39,39,1479,1479,1479,1479,1479,1479,1479,1479,1479,1479,1479,1479,1479,1479,1479,3936,3936,3936,3936,3936,3936,3936,3936,3936,3936,3936,3936
1,1,1,1,1,1,1,2957,2957,2957,2957,2957,2957,2957,2957,2957,2957,2957,2957,2957,2957,2957,2957,3733,3733,3733,3733,3733,3733,3733,3733,3733,3733,3733,3733,3733,3733,3733,1111,1111,1111,1111,1111,1111,1111,1111,1111,1111,1111,1111,1111,1111,1111,1111,208,208,208,208,208,208,208,208,208,208,208,208,208,208,208,2815,2815,2815,2815,2815,2815,2815,2815,2815,2815,2815,2815,2815,2815,2815,2815,3858,3858,3858,3858,3858
3,3,3,3,3,3,3,3,3,3284,3284,3284,3284,3284,3284,3284,3284,3284,3284,3284,3284,3284,3284,3284,3284,3568,3568,3568,3568,3568,3568,3568,3568,3568,3568,3568,3568,3568,3568,3568,772,772,772,772,772,772,772,772,772,772,772,772,772,772,772,772,329,329,329,329,329,329,329,329,329,329,329,329,329,329,329,3153,3153,3153,3153,3153,3153,3153,3153,3153,3153,3153,3153,3153,3153,3153,3707,3707,3707,3707
3,3,3,3,3,3,3,3,3,3,3,3,3,3780,3780,3780,3780,3780,3780,3780,3780,3780,3780,3780,3780,3780,3780,3780,3780,2995,2995,2995,2995,2995,2995,2995,2995,2995,2995,2995,2995,2995,2995,2995,252,252,252,252,252,252,252,252,252,252,252,252,252,252,252,252,894,894,894,894,894,894,894,894,894,894,894,894,894,894,894,3699,3699,3699,3699,3699,3699,3699,3699,3699,3699,3699,3699,3699,3699,3699
15,15,15,15,15,15,15,15,15,15,15,15,15,15,15,15,3940,3940,3940,3940,3940,3940,3940,3940,3940,3940,3940,3940,3940,3940,3940,2478,2478,2478,2478,2478,2478,2478,2478,2478,2478,2478,2478,2478,2478,2478,2478,89,89,89,89,89,89,89,89,89,89,89,89,89,89,89,1436,1436,1436,1436,1436,1436,1436,1436,1436,1436,1436,1436,1436,1436,1436,1436,3877,3877,3877,3877,3877,3877,3877,3877,3877,3877,3877,3877
4,4,4,4,4,4,4,4,4,4,3434,3434,3434,3434,3434,3434,3434,3434,3434,3434,3434,3434,3434,3434,3434,3434,3376,3376,3376,3376,3376,3376,3376,3376,3376,3376,3376,3376,3376,3376,3376,620,620,620,620,620,620,620,620,620,620,620,620,620,620,620,620,510,510,510,510,510,510,510,510,510,510,510,510,510,510,510,3312,3312,3312,3312,3312,3312,3312,3312,3312,3312,3312,3312,3312,3312,3312,3312,3596,3596
2,2,2,2,2,2,2,2,2,2,2,2,2,2,2,3925,3925,3925,3925,3925,3925,3925,3925,3925,3925,3925,3925,3925,3925,3925,2669,2669,2669,2669,2669,2669,2669,2669,2669,2669,2669,2669,2669,2669,2669,2669,96,96,96,96,96,96,96,96,96,96,96,96,96,96,96,1245,1245,1245,1245,1245,1245,1245,1245,1245,1245,1245,1245,1245,1245,1245,1245,3862,3862,3862,3862,3862,3862,3862,3862,3862,3862,3862,3862,3862
1,1,1,1,1,1,1,1,1,1,1,1,1,1,1,1,3960,3960,3960,3960,3960,3960,3960,3960,3960,3960,3960,3960,3960,3960,3960,2476,2476,2476,2476,2476,2476,2476,2476,2476,2476,2476,2476,2476,2476,2476,2476,74,74,74,74,74,74,74,74,74,74,74,74,74,74,74,1436,1436,1436,1436,1436,1436,1436,1436,1436,1436,1436,1436,1436,1436,1436,1436,3876,3876,3876,3876,3876,3876,3876,3876,3876,3876,3876,3876
1,1,1,1,1,1,1,1,1,1,1,1,1,3781,3781,3781,3781,3781,3781,3781,3781,3781,3781,3781,3781,3781,3781,3781,3781,2867,2867,2867,2867,2867,2867,2867,2867,2867,2867,2867,2867,2867,2867,2867,251,251,251,251,251,251,251,251,251,251,251,251,251,251,251,251,1048,1048,1048,1048,1048,1048,1048,1048,1048,1048,1048,1048,1048,1048,1048,3701,3701,3701,3701,3701,3701,3701,3701,3701,3701,3701,3701,3701,3701,3701
2,1,1,1,1,1,1,1,1,1,1,1,1,1,1,1,1,3971,3971,3971,3971,3971,3971,3971,3971,3971,3971,3971,3971,3971,3971,3971,2286,2286,2286,2286,2286,2286,2286,2286,2286,2286,2286,2286,2286,2286,2286,40,40,40,40,40,40,40,40,40,40,40,40,40,40,40,40,1621,1621,1621,1621,1621,1621,1621,1621,1621,1621,1621,1621,1621,1621,1621,3936,3936,3936,3936,3936,3936,3936,3936,3936,3936,3936,3936
2,2,2,2,2,2,2,2,2,2,2,2,2,2,3860,3860,3860,3860,3860,3860,3860,3860,3860,3860,3860,3860,3860,3860,3860,2854,2854,2854,2854,2854,2854,2854,2854,2854,2854,2854,2854,2854,2854,2854,2854,168,168,168,168,168,168,168,168,168,168,168,168,168,168,168,1069,1069,1069,1069,1069,1069,1069,1069,1069,1069,1069,1069,1069,1069,1069,1069,3787,3787,3787,3787,3787,3787,3787,3787,3787,3787,3787,3787,3787,3787
3,3,3,3,3,3,3,2914,2914,2914,2914,2914,2914,2914,2914,2914,2914,2914,2914,2914,2914,2914,3819,3819,3819,3819,3819,3819,3819,3819,3819,3819,3819,3819,3819,3819,3819,3819,1245,1245,1245,1245,1245,1245,1245,1245,1245,1245,1245,1245,1245,1245,1245,142,142,142,142,142,142,142,142,142,142,142,142,142,142,142,142,2622,2622,2622,2622,2622,2622,2622,2622,2622,2622,2622,2622,2622,2622,2622,3882,3882,3882,3882,3882,3882
2,2,2,2,2,2,2762,2762,2762,2762,2762,2762,2762,2762,2762,2762,2762,2762,2762,2762,2762,3891,3891,3891,3891,3891,3891,3891,3891,3891,3891,3891,3891,3891,3891,3891,3891,1369,1369,1369,1369,1369,1369,1369,1369,1369,1369,1369,1369,1369,1369,1369,77,77,77,77,77,77,77,77,77,77,77,77,77,77,77,77,2444,2444,2444,2444,2444,2444,2444,2444,2444,2444,2444,2444,2444,2444,2444,3941,3941,3941,3941,3941,3941,3941
2,2,2,2,2,2590,2590,2590,2590,2590,2590,2590,2590,2590,2590,2590,2590,2590,2590,2590,2590,3899,3899,3899,3899,3899,3899,3899,3899,3899,3899,3899,3899,3899,3899,3899,1485,1485,1485,1485,1485,1485,1485,1485,1485,1485,1485,1485,1485,1485,1485,1485,88,88,88,88,88,88,88,88,88,88,88,88,88,88,88,2428,2428,2428,2428,2428,2428,2428,2428,2428,2428,2428,2428,2428,2428,2428,2428,3973,3973,3973,3973,3973,3973,3973
3,3,3,3,3,3,3,3,3,3,3,3,3,3,3858,3858,3858,3858,3858,3858,3858,3858,3858,3858,3858,3858,3858,3858,3858,2854,2854,2854,2854,2854,2854,2854,2854,2854,2854,2854,2854,2854,2854,2854,2854,172,172,172,172,172,172,172,172,172,172,172,172,172,172,172,1066,1066,1066,1066,1066,1066,1066,1066,1066,1066,1066,1066,1066,1066,1066,1066,3784,3784,3784,3784,3784,3784,3784,3784,3784,3784,3784,3784,3784,3784
3,3,3,3,3,2587,2587,2587,2587,2587,2587,2587,2587,2587,2587,2587,2587,2587,2587,2587,3948,3948,3948,3948,3948,3948,3948,3948,3948,3948,3948,3948,3948,3948,3948,3948,1506,1506,1506,1506,1506,1506,1506,1506,1506,1506,1506,1506,1506,1506,1506,11,11,11,11,11,11,11,11,11,11,11,11,11,11,11,11,2411,2411,2411,2411,2411,2411,2411,2411,2411,2411,2411,2411,2411,2411,2411,3978,3978,3978,3978,3978,3978,3978,3978
1,1,1,1,1,1,1,1,3099,3099,3099,3099,3099,3099,3099,3099,3099,3099,3099,3099,3099,3099,3099,3726,3726,3726,3726,3726,3726,3726,3726,3726,3726,3726,3726,3726,3726,3726,3726,1035,1035,1035,1035,1035,1035,1035,1035,1035,1035,1035,1035,1035,1035,1035,227,227,227,227,227,227,227,227,227,227,227,227,227,227,227,227,2809,2809,2809,2809,2809,2809,2809,2809,2809,2809,2809,2809,2809,2809,2809,3808,3808,3808,3808,3808
2,2,2,2,2,2,2,2,2,2,2,2,3681,3681,3681,3681,3681,3681,3681,3681,3681,3681,3681,3681,3681,3681,3681,3194,3194,3194,3194,3194,3194,3194,3194,3194,3194,3194,3194,3194,3194,3194,3194,367,367,367,367,367,367,367,367,367,367,367,367,367,367,367,732,732,732,732,732,732,732,732,732,732,732,732,732,732,732,732,3556,3556,3556,3556,3556,3556,3556,3556,3556,3556,3556,3556,3556,3556,3556,3326
0,0,0,0,0,0,2776,2776,2776,2776,2776,2776,2776,2776,2776,2776,2776,2776,2776,2776,2776,2776,3839,3839,3839,3839,3839,3839,3839,3839,3839,3839,3839,3839,3839,3839,3839,1294,1294,1294,1294,1294,1294,1294,1294,1294,1294,1294,1294,1294,1294,1294,1294,99,99,99,99,99,99,99,99,99,99,99,99,99,99,99,2621,2621,2621,2621,2621,2621,2621,2621,2621,2621,2621,2621,2621,2621,2621,2621,3941,3941,3941,3941,3941,3941
2,2,2,2,2,2,2,2949,2949,2949,2949,2949,2949,2949,2949,2949,2949,2949,2949,2949,2949,2949,3819,3819,3819,3819,3819,3819,3819,3819,3819,3819,3819,3819,3819,3819,3819,3819,1153,1153,1153,1153,1153,1153,1153,1153,1153,1153,1153,1153,1153,1153,1153,142,142,142,142,142,142,142,142,142,142,142,142,142,142,142,142,2680,2680,2680,2680,2680,2680,2680,2680,2680,2680,2680,2680,2680,2680,2680,3882,3882,3882,3882,3882,3882
6,6,6,6,6,6,6,6,6,6,6,6,6,6,3862,3862,3862,3862,3862,3862,3862,3862,3862,3862,3862,3862,3862,3862,3862,3862,2853,2853,2853,2853,2853,2853,2853,2853,2853,2853,2853,2853,2853,2853,2853,171,171,171,171,171,171,171,171,171,171,171,171,171,171,171,1066,1066,1066,1066,1066,1066,1066,1066,1066,1066,1066,1066,1066,1066,1066,1066,3786,3786,3786,3786,3786,3786,3786,3786,3786,3786,3786,3786,3786,3786
2,2,2,2,2,2,2631,2631,2631,2631,2631,2631,2631,2631,2631,2631,2631,2631,2631,2631,2631,3894,3894,3894,3894,3894,3894,3894,3894,3894,3894,3894,3894,3894,3894,3894,3894,1486,1486,1486,1486,1486,1486,1486,1486,1486,1486,1486,1486,1486,1486,1486,80,80,80,80,80,80,80,80,80,80,80,80,80,80,80,2429,2429,2429,2429,2429,2429,2429,2429,2429,2429,2429,2429,2429,2429,2429,2429,3943,3943,3943,3943,3943,3943,3943
2,4,4,4,4,4,4,4,4,4,4,4,4,4,4,4,4,3979,3979,3979,3979,3979,3979,3979,3979,3979,3979,3979,3979,3979,3979,3979,2281,2281,2281,2281,2281,2281,2281,2281,2281,2281,2281,2281,2281,2281,2281,2281,37,37,37,37,37,37,37,37,37,37,37,37,37,37,37,1632,1632,1632,1632,1632,1632,1632,1632,1632,1632,1632,1632,1632,1632,1632,1632,3937,3937,3937,3937,3937,3937,3937,3937,3937,3937,3937
2,2,2,2,2,2,2,2,2,2,2,2,2,2,3825,3825,3825,3825,3825,3825,3825,3825,3825,3825,3825,3825,3825,3825,3825,2855,2855,2855,2855,2855,2855,2855,2855,2855,2855,2855,2855,2855,2855,2855,2855,247,247,247,247,247,247,247,247,247,247,247,247,247,247,247,1062,1062,1062,1062,1062,1062,1062,1062,1062,1062,1062,1062,1062,1062,1062,1062,3703,3703,3703,3703,3703,3703,3703,3703,3703,3703,3703,3703,3703,3703
2,2,2,2,2,2,2,2,2,2,3434,3434,3434,3434,3434,3434,3434,3434,3434,3434,3434,3434,3434,3434,3434,3434,3395,3395,3395,3395,3395,3395,3395,3395,3395,3395,3395,3395,3395,3395,3395,621,621,621,621,621,621,621,621,621,621,621,621,621,621,621,621,481,481,481,481,481,481,481,481,481,481,481,481,481,481,481,3312,3312,3312,3312,3312,3312,3312,3312,3312,3312,3312,3312,3312,3312,3312,3312,3597,3597
2,2,559,559,559,559,559,559,559,559,559,559,559,559,559,559,559,3995,3995,3995,3995,3995,3995,3995,3995,3995,3995,3995,3995,3995,3995,3995,3995,2113,2113,2113,2113,2113,2113,2113,2113,2113,2113,2113,2113,2113,2113,2113,8,8,8,8,8,8,8,8,8,8,8,8,8,8,8,8,1748,1748,1748,1748,1748,1748,1748,1748,1748,1748,1748,1748,1748,1748,1748,3976,3976,3976,3976,3976,3976,3976,3976,3976,3976,3976
3,3,3,3,3,2586,2586,2586,2586,2586,2586,2586,2586,2586,2586,2586,2586,2586,2586,2586,3949,3949,3949,3949,3949,3949,3949,3949,3949,3949,3949,3949,3949,3949,3949,3949,1500,1500,1500,1500,1500,1500,1500,1500,1500,1500,1500,1500,1500,1500,1500,10,10,10,10,10,10,10,10,10,10,10,10,10,10,10,10,2410,2410,2410,2410,2410,2410,2410,2410,2410,2410,2410,2410,2410,2410,2410,3979,3979,3979,3979,3979,3979,3979,3979
2,2,2,2,2,2,2,2,2,2,2,2,2,2,2,2,3972,3972,3972,3972,3972,3972,3972,3972,3972,3972,3972,3972,3972,3972,3972,3972,2323,2323,2323,2323,2323,2323,2323,2323,2323,2323,2323,2323,2323,2323,2323,39,39,39,39,39,39,39,39,39,39,39,39,39,39,39,39,1547,1547,1547,1547,1547,1547,1547,1547,1547,1547,1547,1547,1547,1547,1547,3937,3937,3937,3937,3937,3937,3937,3937,3937,3937,3937,3937
2,2,2,2,2,2,2,2,2,2,2,2,2,3751,3751,3751,3751,3751,3751,3751,3751,3751,3751,3751,3751,3751,3751,3751,3030,3030,3030,3030,3030,3030,3030,3030,3030,3030,3030,3030,3030,3030,3030,3030,291,291,291,291,291,291,291,291,291,291,291,291,291,291,291,893,893,893,893,893,893,893,893,893,893,893,893,893,893,893,893,3635,3635,3635,3635,3635,3635,3635,3635,3635,3635,3635,3635,3635,3635,3635
2,2,2,2,2,2,2,2,2,2,2,2,2,2,2,2,2,3984,3984,3984,3984,3984,3984,3984,3984,3984,3984,3984,3984,3984,3984,3984,2280,2280,2280,2280,2280,2280,2280,2280,2280,2280,2280,2280,2280,2280,2280,2280,35,35,35,35,35,35,35,35,35,35,35,35,35,35,35,1632,1632,1632,1632,1632,1632,1632,1632,1632,1632,1632,1632,1632,1632,1632,1632,3936,3936,3936,3936,3936,3936,3936,3936,3936,3936,3936
2,2,2,2,2,2,2,2,2,2,2,2,3679,3679,3679,3679,3679,3679,3679,3679,3679,3679,3679,3679,3679,3679,3679,3195,3195,3195,3195,3195,3195,3195,3195,3195,3195,3195,3195,3195,3195,3195,3195,368,368,368,368,368,368,368,368,368,368,368,368,368,368,368,732,732,732,732,732,732,732,732,732,732,732,732,732,732,732,732,3565,3565,3565,3565,3565,3565,3565,3565,3565,3565,3565,3565,3565,3565,3565,3325
2,2,2,2,2,2,2,2,2,2,2,2,2,2,2,2,3968,3968,3968,3968,3968,3968,3968,3968,3968,3968,3968,3968,3968,3968,3968,2476,2476,2476,2476,2476,2476,2476,2476,2476,2476,2476,2476,2476,2476,2476,2476,51,51,51,51,51,51,51,51,51,51,51,51,51,51,51,1437,1437,1437,1437,1437,1437,1437,1437,1437,1437,1437,1437,1437,1437,1437,1437,3909,3909,3909,3909,3909,3909,3909,3909,3909,3909,3909,3909
5,5,5,5,5,5,5,5,5,5,5,5,5,5,5,3870,3870,3870,3870,3870,3870,3870,3870,3870,3870,3870,3870,3870,3870,3870,2671,2671,2671,2671,2671,2671,2671,2671,2671,2671,2671,2671,2671,2671,2671,2671,166,166,166,166,166,166,166,166,166,166,166,166,166,166,166,1247,1247,1247,1247,1247,1247,1247,1247,1247,1247,1247,1247,1247,1247,1247,1247,3798,3798,3798,3798,3798,3798,3798,3798,3798,3798,3798,3798,3798
2,2,2,1992,1992,1992,1992,1992,1992,1992,1992,1992,1992,1992,1992,1992,1992,1992,3999,3999,3999,3999,3999,3999,3999,3999,3999,3999,3999,3999,3999,3999,3999,2079,2079,2079,2079,2079,2079,2079,2079,2079,2079,2079,2079,2079,2079,2079,2079,6,6,6,6,6,6,6,6,6,6,6,6,6,6,6,1830,1830,1830,1830,1830,1830,1830,1830,1830,1830,1830,1830,1830,1830,1830,1830,3986,3986,3986,3986,3986,3986,3986,3986,3986,3986
2,2,2,2,2,2,2,2,2,2,2,3566,3566,3566,3566,3566,3566,3566,3566,3566,3566,3566,3566,3566,3566,3566,3566,3241,3241,3241,3241,3241,3241,3241,3241,3241,3241,3241,3241,3241,3241,3241,484,484,484,484,484,484,484,484,484,484,484,484,484,484,484,484,663,663,663,663,663,663,663,663,663,663,663,663,663,663,663,3456,3456,3456,3456,3456,3456,3456,3456,3456,3456,3456,3456,3456,3456,3456,3456,3441
2,2,2,2,2,2,2,2,3127,3127,3127,3127,3127,3127,3127,3127,3127,3127,3127,3127,3127,3127,3127,3127,3676,3676,3676,3676,3676,3676,3676,3676,3676,3676,3676,3676,3676,3676,3676,936,936,936,936,936,936,936,936,936,936,936,936,936,936,936,936,278,278,278,278,278,278,278,278,278,278,278,278,278,278,278,2987,2987,2987,2987,2987,2987,2987,2987,2987,2987,2987,2987,2987,2987,2987,2987,3761,3761,3761,3761
0,0,0,0,0,0,0,0,0,0,3362,3362,3362,3362,3362,3362,3362,3362,3362,3362,3362,3362,3362,3362,3362,3491,3491,3491,3491,3491,3491,3491,3491,3491,3491,3491,3491,3491,3491,3491,3491,763,763,763,763,763,763,763,763,763,763,763,763,763,763,763,447,447,447,447,447,447,447,447,447,447,447,447,447,447,447,447,3156,3156,3156,3156,3156,3156,3156,3156,3156,3156,3156,3156,3156,3156,3156,3600,3600,3600
3,3,3,3,3,3,3,3,3,3,3434,3434,3434,3434,3434,3434,3434,3434,3434,3434,3434,3434,3434,3434,3434,3434,3423,3423,3423,3423,3423,3423,3423,3423,3423,3423,3423,3423,3423,3423,3423,620,620,620,620,620,620,620,620,620,620,620,620,620,620,620,620,448,448,448,448,448,448,448,448,448,448,448,448,448,448,448,3311,3311,3311,3311,3311,3311,3311,3311,3311,3311,3311,3311,3311,3311,3311,3596,3596,3596
2,2,2,2,2,2,2,2,2,2,2,2,2,2,2,3879,3879,3879,3879,3879,3879,3879,3879,3879,3879,3879,3879,3879,3879,3879,2670,2670,2670,2670,2670,2670,2670,2670,2670,2670,2670,2670,2670,2670,2670,2670,160,160,160,160,160,160,160,160,160,160,160,160,160,160,160,1248,1248,1248,1248,1248,1248,1248,1248,1248,1248,1248,1248,1248,1248,1248,1248,3797,3797,3797,3797,3797,3797,3797,3797,3797,3797,3797,3797,3797
2,2,2,2,2,2,2,2,2,2,2,2,2,2,2,2,3927,3927,3927,3927,3927,3927,3927,3927,3927,3927,3927,3927,3927,3927,3927,2480,2480,2480,2480,2480,2480,2480,2480,2480,2480,2480,2480,2480,2480,2480,2480,93,93,93,93,93,93,93,93,93,93,93,93,93,93,93,1433,1433,1433,1433,1433,1433,1433,1433,1433,1433,1433,1433,1433,1433,1433,3875,3875,3875,3875,3875,3875,3875,3875,3875,3875,3875,3875,3875
3,3,3,3,3,3,3,2786,2786,2786,2786,2786,2786,2786,2786,2786,2786,2786,2786,2786,2786,2786,3820,3820,3820,3820,3820,3820,3820,3820,3820,3820,3820,3820,3820,3820,3820,3820,1294,1294,1294,1294,1294,1294,1294,1294,1294,1294,1294,1294,1294,1294,1294,141,141,141,141,141,141,141,141,141,141,141,141,141,141,141,2621,2621,2621,2621,2621,2621,2621,2621,2621,2621,2621,2621,2621,2621,2621,2621,3884,3884,3884,3884,3884,3884
2,2,2,2,2,2,2778,2778,2778,2778,2778,2778,2778,2778,2778,2778,2778,2778,2778,2778,2778,2778,3827,3827,3827,3827,3827,3827,3827,3827,3827,3827,3827,3827,3827,3827,3827,1295,1295,1295,1295,1295,1295,1295,1295,1295,1295,1295,1295,1295,1295,1295,1295,122,122,122,122,122,122,122,122,122,122,122,122,122,122,122,2622,2622,2622,2622,2622,2622,2622,2622,2622,2622,2622,2622,2622,2622,2622,2622,3930,3930,3930,3930,3930,3930
2,2,2,2,2,2,2,2,2,2,3435,3435,3435,3435,3435,3435,3435,3435,3435,3435,3435,3435,3435,3435,3435,3435,3376,3376,3376,3376,3376,3376,3376,3376,3376,3376,3376,3376,3376,3376,3376,620,620,620,620,620,620,620,620,620,620,620,620,620,620,620,620,523,523,523,523,523,523,523,523,523,523,523,523,523,523,523,3313,3313,3313,3313,3313,3313,3313,3313,3313,3313,3313,3313,3313,3313,3313,3313,3594,3594
3,3,3,3,3,3,2778,2778,2778,2778,2778,2778,2778,2778,2778,2778,2778,2778,2778,2778,2778,2778,3837,3837,3837,3837,3837,3837,3837,3837,3837,3837,3837,3837,3837,3837,3837,1294,1294,1294,1294,1294,1294,1294,1294,1294,1294,1294,1294,1294,1294,1294,1294,99,99,99,99,99,99,99,99,99,99,99,99,99,99,99,2621,2621,2621,2621,2621,2621,2621,2621,2621,2621,2621,2621,2621,2621,2621,2621,3940,3940,3940,3940,3940,3940
2,2,2,2,2,2,2,2,2,2,2,2,2,2,3863,3863,3863,3863,3863,3863,3863,3863,3863,3863,3863,3863,3863,3863,3863,3863,2762,2762,2762,2762,2762,2762,2762,2762,2762,2762,2762,2762,2762,2762,2762,163,163,163,163,163,163,163,163,163,163,163,163,163,163,163,163,1105,1105,1105,1105,1105,1105,1105,1105,1105,1105,1105,1105,1105,1105,1105,3796,3796,3796,3796,3796,3796,3796,3796,3796,3796,3796,3796,3796,3796
2,2,2,2,2,2589,2589,2589,2589,2589,2589,2589,2589,2589,2589,2589,2589,2589,2589,2589,2589,3948,3948,3948,3948,3948,3948,3948,3948,3948,3948,3948,3948,3948,3948,3948,1491,1491,1491,1491,1491,1491,1491,1491,1491,1491,1491,1491,1491,1491,1491,15,15,15,15,15,15,15,15,15,15,15,15,15,15,15,15,2421,2421,2421,2421,2421,2421,2421,2421,2421,2421,2421,2421,2421,2421,2421,3979,3979,3979,3979,3979,3979,3979,3979
2,2,2,2,2,2,2,2,2,2,2,2,2,2,2,2,2,3974,3974,3974,3974,3974,3974,3974,3974,3974,3974,3974,3974,3974,3974,3974,2283,2283,2283,2283,2283,2283,2283,2283,2283,2283,2283,2283,2283,2283,2283,2283,40,40,40,40,40,40,40,40,40,40,40,40,40,40,40,1626,1626,1626,1626,1626,1626,1626,1626,1626,1626,1626,1626,1626,1626,1626,3935,3935,3935,3935,3935,3935,3935,3935,3935,3935,3935,3935
1,1,1,1,1,1,2773,2773,2773,2773,2773,2773,2773,2773,2773,2773,2773,2773,2773,2773,2773,3894,3894,3894,3894,3894,3894,3894,3894,3894,3894,3894,3894,3894,3894,3894,3894,1321,1321,1321,1321,1321,1321,1321,1321,1321,1321,1321,1321,1321,1321,1321,77,77,77,77,77,77,77,77,77,77,77,77,77,77,77,77,2578,2578,2578,2578,2578,2578,2578,2578,2578,2578,2578,2578,2578,2578,2578,3939,3939,3939,3939,3939,3939,3939
2,2,2,2,2,2,2,2,3116,3116,3116,3116,3116,3116,3116,3116,3116,3116,3116,3116,3116,3116,3116,3726,3726,3726,3726,3726,3726,3726,3726,3726,3726,3726,3726,3726,3726,3726,3726,977,977,977,977,977,977,977,977,977,977,977,977,977,977,977,227,227,227,227,227,227,227,227,227,227,227,227,227,227,227,227,2878,2878,2878,2878,2878,2878,2878,2878,2878,2878,2878,2878,2878,2878,2878,3805,3805,3805,3805,3805
2,2,2,2,2,2,2,2,2,2,2,2,2,3782,3782,3782,3782,3782,3782,3782,3782,3782,3782,3782,3782,3782,3782,3782,3782,2938,2938,2938,2938,2938,2938,2938,2938,2938,2938,2938,2938,2938,2938,2938,253,253,253,253,253,253,253,253,253,253,253,253,253,253,253,253,904,904,904,904,904,904,904,904,904,904,904,904,904,904,904,3699,3699,3699,3699,3699,3699,3699,3699,3699,3699,3699,3699,3699,3699,3699
2,2,2,2,2,2,2,2,2,2,2,2,2,2,3782,3782,3782,3782,3782,3782,3782,3782,3782,3782,3782,3782,3782,3782,3782,2859,2859,2859,2859,2859,2859,2859,2859,2859,2859,2859,2859,2859,2859,2859,251,251,251,251,251,251,251,251,251,251,251,251,251,251,251,251,1068,1068,1068,1068,1068,1068,1068,1068,1068,1068,1068,1068,1068,1068,1068,3702,3702,3702,3702,3702,3702,3702,3702,3702,3702,3702,3702,3702,3702,3702
