5,5,5,5,5,5,5,5,5,5,5,5,5,5,5,5,3931,3931,3931,3931,3931,3931,3931,3931,3931,3931,3931,3931,3931,3931,3931,2479,2479,2479,2479,2479,2479,2479,2479,2479,2479,2479,2479,2479,2479,2479,2479,91,91,91,91,91,91,91,91,91,91,91,91,91,91,91,1431,1431,1431,1431,1431,1431,1431,1431,1431,1431,1431,1431,1431,1431,1431,3876,3876,3876,3876,3876,3876,3876,3876,3876,3876,3876,3876,3876
2,2,2,2,2,2,2,2,2,2,3287,3287,3287,3287,3287,3287,3287,3287,3287,3287,3287,3287,3287,3287,3287,3493,3493,3493,3493,3493,3493,3493,3493,3493,3493,3493,3493,3493,3493,3493,770,770,770,770,770,770,770,770,770,770,770,770,770,770,770,770,442,442,442,442,442,442,442,442,442,442,442,442,442,442,442,3155,3155,3155,3155,3155,3155,3155,3155,3155,3155,3155,3155,3155,3155,3155,3155,3625,3625,3625
2,2,2,2,2,2,2659,2659,2659,2659,2659,2659,2659,2659,2659,2659,2659,2659,2659,2659,2659,3893,3893,3893,3893,3893,3893,3893,3893,3893,3893,3893,3893,3893,3893,3893,3893,1484,1484,1484,1484,1484,1484,1484,1484,1484,1484,1484,1484,1484,1484,1484,79,79,79,79,79,79,79,79,79,79,79,79,79,79,79,2428,2428,2428,2428,2428,2428,2428,2428,2428,2428,2428,2428,2428,2428,2428,2428,3943,3943,3943,3943,3943,3943,3943
2,2,2,2,2,2,2,2956,2956,2956,2956,2956,2956,2956,2956,2956,2956,2956,2956,2956,2956,2956,2956,3763,3763,3763,3763,3763,3763,3763,3763,3763,3763,3763,3763,3763,3763,3763,1112,1112,1112,1112,1112,1112,1112,1112,1112,1112,1112,1112,1112,1112,1112,1112,142,142,142,142,142,142,142,142,142,142,142,142,142,142,142,2807,2807,2807,2807,2807,2807,2807,2807,2807,2807,2807,2807,2807,2807,2807,3880,3880,3880,3880,3880,3880
2,2,2,2,2,2,2,2,2,2,2,2,2,2,2,2,3955,3955,3955,3955,3955,3955,3955,3955,3955,3955,3955,3955,3955,3955,3955,2476,2476,2476,2476,2476,2476,2476,2476,2476,2476,2476,2476,2476,2476,2476,2476,92,92,92,92,92,92,92,92,92,92,92,92,92,92,92,1434,1434,1434,1434,1434,1434,1434,1434,1434,1434,1434,1434,1434,1434,1434,3876,3876,3876,3876,3876,3876,3876,3876,3876,3876,3876,3876,3876
2,2,2,2,2,2,2,2,2,3287,3287,3287,3287,3287,3287,3287,3287,3287,3287,3287,3287,3287,3287,3287,3287,3617,3617,3617,3617,3617,3617,3617,3617,3617,3617,3617,3617,3617,3617,3617,776,776,776,776,776,776,776,776,776,776,776,776,776,776,776,330,330,330,330,330,330,330,330,330,330,330,330,330,330,330,330,3144,3144,3144,3144,3144,3144,3144,3144,3144,3144,3144,3144,3144,3144,3144,3709,3709,3709,3709
2,2,2,2,2,2,2,2,2,2,3387,3387,3387,3387,3387,3387,3387,3387,3387,3387,3387,3387,3387,3387,3387,3490,3490,3490,3490,3490,3490,3490,3490,3490,3490,3490,3490,3490,3490,3490,3490,754,754,754,754,754,754,754,754,754,754,754,754,754,754,754,447,447,447,447,447,447,447,447,447,447,447,447,447,447,447,447,3155,3155,3155,3155,3155,3155,3155,3155,3155,3155,3155,3155,3155,3155,3155,3602,3602,3602
2,2,2,2,2,2,2,2,2,2,2,2,2,2,2,3928,3928,3928,3928,3928,3928,3928,3928,3928,3928,3928,3928,3928,3928,3928,3928,2493,2493,2493,2493,2493,2493,2493,2493,2493,2493,2493,2493,2493,2493,2493,92,92,92,92,92,92,92,92,92,92,92,92,92,92,92,92,1382,1382,1382,1382,1382,1382,1382,1382,1382,1382,1382,1382,1382,1382,1382,3875,3875,3875,3875,3875,3875,3875,3875,3875,3875,3875,3875,3875
4,4,4,4,4,4,4,4,4,4,4,4,4,4,3863,3863,3863,3863,3863,3863,3863,3863,3863,3863,3863,3863,3863,3863,3863,3863,2686,2686,2686,2686,2686,2686,2686,2686,2686,2686,2686,2686,2686,2686,2686,163,163,163,163,163,163,163,163,163,163,163,163,163,163,163,163,1208,1208,1208,1208,1208,1208,1208,1208,1208,1208,1208,1208,1208,1208,1208,3797,3797,3797,3797,3797,3797,3797,3797,3797,3797,3797,3797,3797,3797
2,2,2,2,2,2,2778,2778,2778,2778,2778,2778,2778,2778,2778,2778,2778,2778,2778,2778,2778,2778,3826,3826,3826,3826,3826,3826,3826,3826,3826,3826,3826,3826,3826,3826,3826,1293,1293,1293,1293,1293,1293,1293,1293,1293,1293,1293,1293,1293,1293,1293,1293,129,129,129,129,129,129,129,129,129,129,129,129,129,129,129,2622,2622,2622,2622,2622,2622,2622,2622,2622,2622,2622,2622,2622,2622,2622,2622,3909,3909,3909,3909,3909,3909
2,2,2,2,2,2,2590,2590,2590,2590,2590,2590,2590,2590,2590,2590,2590,2590,2590,2590,2590,3895,3895,3895,3895,3895,3895,3895,3895,3895,3895,3895,3895,3895,3895,3895,1486,1486,1486,1486,1486,1486,1486,1486,1486,1486,1486,1486,1486,1486,1486,1486,83,83,83,83,83,83,83,83,83,83,83,83,83,83,83,2428,2428,2428,2428,2428,2428,2428,2428,2428,2428,2428,2428,2428,2428,2428,2428,3952,3952,3952,3952,3952,3952,3952
3,3,3,2141,2141,2141,2141,2141,2141,2141,2141,2141,2141,2141,2141,2141,2141,2141,3999,3999,3999,3999,3999,3999,3999,3999,3999,3999,3999,3999,3999,3999,3999,3999,2016,2016,2016,2016,2016,2016,2016,2016,2016,2016,2016,2016,2016,2016,2016,4,4,4,4,4,4,4,4,4,4,4,4,4,4,4,4,1831,1831,1831,1831,1831,1831,1831,1831,1831,1831,1831,1831,1831,1831,1831,3996,3996,3996,3996,3996,3996,3996,3996,3996,3996
2,2,2,2,2,2,2,2,2,2,2,3559,3559,3559,3559,3559,3559,3559,3559,3559,3559,3559,3559,3559,3559,3559,3559,3302,3302,3302,3302,3302,3302,3302,3302,3302,3302,3302,3302,3302,3302,3302,482,482,482,482,482,482,482,482,482,482,482,482,482,482,482,482,583,583,583,583,583,583,583,583,583,583,583,583,583,583,583,3452,3452,3452,3452,3452,3452,3452,3452,3452,3452,3452,3452,3452,3452,3452,3467,3467
2,2,2,2,2,2589,2589,2589,2589,2589,2589,2589,2589,2589,2589,2589,2589,2589,2589,2589,2589,3937,3937,3937,3937,3937,3937,3937,3937,3937,3937,3937,3937,3937,3937,3937,1487,1487,1487,1487,1487,1487,1487,1487,1487,1487,1487,1487,1487,1487,1487,1487,27,27,27,27,27,27,27,27,27,27,27,27,27,27,27,2425,2425,2425,2425,2425,2425,2425,2425,2425,2425,2425,2425,2425,2425,2425,3980,3980,3980,3980,3980,3980,3980,3980
2,2,2,2,2,2,2,2,2,2,2,2,2,2,2,2,3971,3971,3971,3971,3971,3971,3971,3971,3971,3971,3971,3971,3971,3971,3971,3971,2308,2308,2308,2308,2308,2308,2308,2308,2308,2308,2308,2308,2308,2308,2308,40,40,40,40,40,40,40,40,40,40,40,40,40,40,40,40,1577,1577,1577,1577,1577,1577,1577,1577,1577,1577,1577,1577,1577,1577,1577,3937,3937,3937,3937,3937,3937,3937,3937,3937,3937,3937,3937
2,2,2,2,2,2,2777,2777,2777,2777,2777,2777,2777,2777,2777,2777,2777,2777,2777,2777,2777,2777,3894,3894,3894,3894,3894,3894,3894,3894,3894,3894,3894,3894,3894,3894,3894,1298,1298,1298,1298,1298,1298,1298,1298,1298,1298,1298,1298,1298,1298,1298,78,78,78,78,78,78,78,78,78,78,78,78,78,78,78,78,2614,2614,2614,2614,2614,2614,2614,2614,2614,2614,2614,2614,2614,2614,2614,3940,3940,3940,3940,3940,3940,3940
5,5,1986,1986,1986,1986,1986,1986,1986,1986,1986,1986,1986,1986,1986,1986,1986,1986,3998,3998,3998,3998,3998,3998,3998,3998,3998,3998,3998,3998,3998,3998,3998,2080,2080,2080,2080,2080,2080,2080,2080,2080,2080,2080,2080,2080,2080,2080,2080,6,6,6,6,6,6,6,6,6,6,6,6,6,6,6,1829,1829,1829,1829,1829,1829,1829,1829,1829,1829,1829,1829,1829,1829,1829,1829,3979,3979,3979,3979,3979,3979,3979,3979,3979,3979
3,3,3,3,3,3,3,3,3,3,3,3,3,3780,3780,3780,3780,3780,3780,3780,3780,3780,3780,3780,3780,3780,3780,3780,3780,3029,3029,3029,3029,3029,3029,3029,3029,3029,3029,3029,3029,3029,3029,3029,255,255,255,255,255,255,255,255,255,255,255,255,255,255,255,893,893,893,893,893,893,893,893,893,893,893,893,893,893,893,893,3692,3692,3692,3692,3692,3692,3692,3692,3692,3692,3692,3692,3692,3692,3692
4,4,4,4,4,4,4,4,4,4,4,4,4,4,4,4,3966,3966,3966,3966,3966,3966,3966,3966,3966,3966,3966,3966,3966,3966,3966,2476,2476,2476,2476,2476,2476,2476,2476,2476,2476,2476,2476,2476,2476,2476,2476,63,63,63,63,63,63,63,63,63,63,63,63,63,63,63,1439,1439,1439,1439,1439,1439,1439,1439,1439,1439,1439,1439,1439,1439,1439,1439,3878,3878,3878,3878,3878,3878,3878,3878,3878,3878,3878,3878
2,2,2,2,2,2,2,2,3044,3044,3044,3044,3044,3044,3044,3044,3044,3044,3044,3044,3044,3044,3044,3726,3726,3726,3726,3726,3726,3726,3726,3726,3726,3726,3726,3726,3726,3726,3726,1062,1062,1062,1062,1062,1062,1062,1062,1062,1062,1062,1062,1062,1062,1062,227,227,227,227,227,227,227,227,227,227,227,227,227,227,227,227,2812,2812,2812,2812,2812,2812,2812,2812,2812,2812,2812,2812,2812,2812,2812,3805,3805,3805,3805,3805
3,3,3,3,3,3,3,3,3,3,3,3563,3563,3563,3563,3563,3563,3563,3563,3563,3563,3563,3563,3563,3563,3563,3350,3350,3350,3350,3350,3350,3350,3350,3350,3350,3350,3350,3350,3350,3350,3350,493,493,493,493,493,493,493,493,493,493,493,493,493,493,493,584,584,584,584,584,584,584,584,584,584,584,584,584,584,584,584,3418,3418,3418,3418,3418,3418,3418,3418,3418,3418,3418,3418,3418,3418,3418,3467,3467
2,2,2,2,2,2,2,2943,2943,2943,2943,2943,2943,2943,2943,2943,2943,2943,2943,2943,2943,2943,3819,3819,3819,3819,3819,3819,3819,3819,3819,3819,3819,3819,3819,3819,3819,3819,1190,1190,1190,1190,1190,1190,1190,1190,1190,1190,1190,1190,1190,1190,1190,142,142,142,142,142,142,142,142,142,142,142,142,142,142,142,142,2626,2626,2626,2626,2626,2626,2626,2626,2626,2626,2626,2626,2626,2626,2626,3882,3882,3882,3882,3882,3882
2,2,2,2,2395,2395,2395,2395,2395,2395,2395,2395,2395,2395,2395,2395,2395,2395,2395,2395,3958,3958,3958,3958,3958,3958,3958,3958,3958,3958,3958,3958,3958,3958,3958,1680,1680,1680,1680,1680,1680,1680,1680,1680,1680,1680,1680,1680,1680,1680,1680,4,4,4,4,4,4,4,4,4,4,4,4,4,4,4,2230,2230,2230,2230,2230,2230,2230,2230,2230,2230,2230,2230,2230,2230,2230,2230,3998,3998,3998,3998,3998,3998,3998,3998
2,2,2,2,2,2,2,2,2,2,2,2,2,2,2,2,3970,3970,3970,3970,3970,3970,3970,3970,3970,3970,3970,3970,3970,3970,3970,2476,2476,2476,2476,2476,2476,2476,2476,2476,2476,2476,2476,2476,2476,2476,2476,43,43,43,43,43,43,43,43,43,43,43,43,43,43,43,1437,1437,1437,1437,1437,1437,1437,1437,1437,1437,1437,1437,1437,1437,1437,1437,3927,3927,3927,3927,3927,3927,3927,3927,3927,3927,3927,3927
2,2,2,2,2,2,2,2,2,2,2,2,2,3779,3779,3779,3779,3779,3779,3779,3779,3779,3779,3779,3779,3779,3779,3779,3033,3033,3033,3033,3033,3033,3033,3033,3033,3033,3033,3033,3033,3033,3033,3033,256,256,256,256,256,256,256,256,256,256,256,256,256,256,256,894,894,894,894,894,894,894,894,894,894,894,894,894,894,894,894,3689,3689,3689,3689,3689,3689,3689,3689,3689,3689,3689,3689,3689,3689,3689
2,2,2,2,2,2,2,2,3128,3128,3128,3128,3128,3128,3128,3128,3128,3128,3128,3128,3128,3128,3128,3128,3648,3648,3648,3648,3648,3648,3648,3648,3648,3648,3648,3648,3648,3648,3648,934,934,934,934,934,934,934,934,934,934,934,934,934,934,934,934,276,276,276,276,276,276,276,276,276,276,276,276,276,276,276,2986,2986,2986,2986,2986,2986,2986,2986,2986,2986,2986,2986,2986,2986,2986,2986,3790,3790,3790,3790
2,2,2,2,2,2,2,2,2,2,2,3559,3559,3559,3559,3559,3559,3559,3559,3559,3559,3559,3559,3559,3559,3559,3349,3349,3349,3349,3349,3349,3349,3349,3349,3349,3349,3349,3349,3349,3349,3349,496,496,496,496,496,496,496,496,496,496,496,496,496,496,496,584,584,584,584,584,584,584,584,584,584,584,584,584,584,584,584,3428,3428,3428,3428,3428,3428,3428,3428,3428,3428,3428,3428,3428,3428,3428,3469,3469
3,3,3,3,3,2575,2575,2575,2575,2575,2575,2575,2575,2575,2575,2575,2575,2575,2575,2575,3949,3949,3949,3949,3949,3949,3949,3949,3949,3949,3949,3949,3949,3949,3949,3949,1556,1556,1556,1556,1556,1556,1556,1556,1556,1556,1556,1556,1556,1556,1556,7,7,7,7,7,7,7,7,7,7,7,7,7,7,7,7,2281,2281,2281,2281,2281,2281,2281,2281,2281,2281,2281,2281,2281,2281,2281,3979,3979,3979,3979,3979,3979,3979,3979
2,2,2,2,2,2,2,2,2,3203,3203,3203,3203,3203,3203,3203,3203,3203,3203,3203,3203,3203,3203,3203,3617,3617,3617,3617,3617,3617,3617,3617,3617,3617,3617,3617,3617,3617,3617,3617,927,927,927,927,927,927,927,927,927,927,927,927,927,927,927,328,328,328,328,328,328,328,328,328,328,328,328,328,328,328,328,2986,2986,2986,2986,2986,2986,2986,2986,2986,2986,2986,2986,2986,2986,2986,3712,3712,3712,3712
1,1,1,1,1,1,1,1,1,1,1,1,1,1,1,1,3969,3969,3969,3969,3969,3969,3969,3969,3969,3969,3969,3969,3969,3969,3969,2476,2476,2476,2476,2476,2476,2476,2476,2476,2476,2476,2476,2476,2476,2476,2476,47,47,47,47,47,47,47,47,47,47,47,47,47,47,47,1437,1437,1437,1437,1437,1437,1437,1437,1437,1437,1437,1437,1437,1437,1437,1437,3919,3919,3919,3919,3919,3919,3919,3919,3919,3919,3919,3919
0,0,0,0,2372,2372,2372,2372,2372,2372,2372,2372,2372,2372,2372,2372,2372,2372,2372,3982,3982,3982,3982,3982,3982,3982,3982,3982,3982,3982,3982,3982,3982,3982,3982,1792,1792,1792,1792,1792,1792,1792,1792,1792,1792,1792,1792,1792,1792,1792,3,3,3,3,3,3,3,3,3,3,3,3,3,3,3,3,2032,2032,2032,2032,2032,2032,2032,2032,2032,2032,2032,2032,2032,2032,2032,3998,3998,3998,3998,3998,3998,3998,3998,3998
2,2,2,2,2,2,2,2,2,2,3431,3431,3431,3431,3431,3431,3431,3431,3431,3431,3431,3431,3431,3431,3431,3490,3490,3490,3490,3490,3490,3490,3490,3490,3490,3490,3490,3490,3490,3490,3490,632,632,632,632,632,632,632,632,632,632,632,632,632,632,632,447,447,447,447,447,447,447,447,447,447,447,447,447,447,447,447,3291,3291,3291,3291,3291,3291,3291,3291,3291,3291,3291,3291,3291,3291,3291,3597,3597,3597
2,2,2,2,2,2575,2575,2575,2575,2575,2575,2575,2575,2575,2575,2575,2575,2575,2575,2575,3948,3948,3948,3948,3948,3948,3948,3948,3948,3948,3948,3948,3948,3948,3948,3948,1596,1596,1596,1596,1596,1596,1596,1596,1596,1596,1596,1596,1596,1596,1596,7,7,7,7,7,7,7,7,7,7,7,7,7,7,7,7,2230,2230,2230,2230,2230,2230,2230,2230,2230,2230,2230,2230,2230,2230,2230,3980,3980,3980,3980,3980,3980,3980,3980
2,2,1962,1962,1962,1962,1962,1962,1962,1962,1962,1962,1962,1962,1962,1962,1962,1962,3998,3998,3998,3998,3998,3998,3998,3998,3998,3998,3998,3998,3998,3998,3998,2081,2081,2081,2081,2081,2081,2081,2081,2081,2081,2081,2081,2081,2081,2081,2081,6,6,6,6,6,6,6,6,6,6,6,6,6,6,6,1831,1831,1831,1831,1831,1831,1831,1831,1831,1831,1831,1831,1831,1831,1831,1831,3979,3979,3979,3979,3979,3979,3979,3979,3979,3979
2,2,2,2,2,2,2763,2763,2763,2763,2763,2763,2763,2763,2763,2763,2763,2763,2763,2763,2763,3892,3892,3892,3892,3892,3892,3892,3892,3892,3892,3892,3892,3892,3892,3892,3892,1343,1343,1343,1343,1343,1343,1343,1343,1343,1343,1343,1343,1343,1343,1343,78,78,78,78,78,78,78,78,78,78,78,78,78,78,78,78,2549,2549,2549,2549,2549,2549,2549,2549,2549,2549,2549,2549,2549,2549,2549,3942,3942,3942,3942,3942,3942,3942
4,4,4,4,4,4,4,4,4,4,4,4,4,4,3859,3859,3859,3859,3859,3859,3859,3859,3859,3859,3859,3859,3859,3859,3859,2854,2854,2854,2854,2854,2854,2854,2854,2854,2854,2854,2854,2854,2854,2854,2854,173,173,173,173,173,173,173,173,173,173,173,173,173,173,173,1067,1067,1067,1067,1067,1067,1067,1067,1067,1067,1067,1067,1067,1067,1067,1067,3767,3767,3767,3767,3767,3767,3767,3767,3767,3767,3767,3767,3767,3767
2,2,2,2,2,2,2,2,2,2,2,2,2,2,2,3898,3898,3898,3898,3898,3898,3898,3898,3898,3898,3898,3898,3898,3898,3898,2668,2668,2668,2668,2668,2668,2668,2668,2668,2668,2668,2668,2668,2668,2668,2668,156,156,156,156,156,156,156,156,156,156,156,156,156,156,156,1248,1248,1248,1248,1248,1248,1248,1248,1248,1248,1248,1248,1248,1248,1248,1248,3797,3797,3797,3797,3797,3797,3797,3797,3797,3797,3797,3797,3797
1,1,1,1,1,1,1,1,1,1,1,1,1,1,1,3927,3927,3927,3927,3927,3927,3927,3927,3927,3927,3927,3927,3927,3927,3927,3927,2669,2669,2669,2669,2669,2669,2669,2669,2669,2669,2669,2669,2669,2669,2669,93,93,93,93,93,93,93,93,93,93,93,93,93,93,93,93,1247,1247,1247,1247,1247,1247,1247,1247,1247,1247,1247,1247,1247,1247,1247,3874,3874,3874,3874,3874,3874,3874,3874,3874,3874,3874,3874,3874
2,2,2,2,2,2,2,2,2,3251,3251,3251,3251,3251,3251,3251,3251,3251,3251,3251,3251,3251,3251,3251,3617,3617,3617,3617,3617,3617,3617,3617,3617,3617,3617,3617,3617,3617,3617,3617,853,853,853,853,853,853,853,853,853,853,853,853,853,853,853,328,328,328,328,328,328,328,328,328,328,328,328,328,328,328,328,3027,3027,3027,3027,3027,3027,3027,3027,3027,3027,3027,3027,3027,3027,3027,3709,3709,3709,3709
2,2,2,2,2,2,2,2,2,2,2,2,2,2,2,3921,3921,3921,3921,3921,3921,3921,3921,3921,3921,3921,3921,3921,3921,3921,2669,2669,2669,2669,2669,2669,2669,2669,2669,2669,2669,2669,2669,2669,2669,2669,106,106,106,106,106,106,106,106,106,106,106,106,106,106,106,1249,1249,1249,1249,1249,1249,1249,1249,1249,1249,1249,1249,1249,1249,1249,1249,3847,3847,3847,3847,3847,3847,3847,3847,3847,3847,3847,3847,3847
3,3,3,3,3,3,3,3,3115,3115,3115,3115,3115,3115,3115,3115,3115,3115,3115,3115,3115,3115,3115,3724,3724,3724,3724,3724,3724,3724,3724,3724,3724,3724,3724,3724,3724,3724,3724,962,962,962,962,962,962,962,962,962,962,962,962,962,962,962,227,227,227,227,227,227,227,227,227,227,227,227,227,227,227,227,2961,2961,2961,2961,2961,2961,2961,2961,2961,2961,2961,2961,2961,2961,2961,3804,3804,3804,3804,3804
0,0,0,0,0,2590,2590,2590,2590,2590,2590,2590,2590,2590,2590,2590,2590,2590,2590,2590,2590,3903,3903,3903,3903,3903,3903,3903,3903,3903,3903,3903,3903,3903,3903,3903,1483,1483,1483,1483,1483,1483,1483,1483,1483,1483,1483,1483,1483,1483,1483,1483,85,85,85,85,85,85,85,85,85,85,85,85,85,85,85,2427,2427,2427,2427,2427,2427,2427,2427,2427,2427,2427,2427,2427,2427,2427,2427,3974,3974,3974,3974,3974,3974,3974
2,2,2,2,2,2590,2590,2590,2590,2590,2590,2590,2590,2590,2590,2590,2590,2590,2590,2590,2590,3895,3895,3895,3895,3895,3895,3895,3895,3895,3895,3895,3895,3895,3895,3895,1485,1485,1485,1485,1485,1485,1485,1485,1485,1485,1485,1485,1485,1485,1485,1485,83,83,83,83,83,83,83,83,83,83,83,83,83,83,83,2428,2428,2428,2428,2428,2428,2428,2428,2428,2428,2428,2428,2428,2428,2428,2428,3947,3947,3947,3947,3947,3947,3947
2,2,2,2,2,2,2,2778,2778,2778,2778,2778,2778,2778,2778,2778,2778,2778,2778,2778,2778,2778,3822,3822,3822,3822,3822,3822,3822,3822,3822,3822,3822,3822,3822,3822,3822,1294,1294,1294,1294,1294,1294,1294,1294,1294,1294,1294,1294,1294,1294,1294,1294,138,138,138,138,138,138,138,138,138,138,138,138,138,138,138,2621,2621,2621,2621,2621,2621,2621,2621,2621,2621,2621,2621,2621,2621,2621,2621,3898,3898,3898,3898,3898,3898
4,4,4,4,4,4,4,4,4,4,4,4,4,4,3864,3864,3864,3864,3864,3864,3864,3864,3864,3864,3864,3864,3864,3864,3864,3864,2840,2840,2840,2840,2840,2840,2840,2840,2840,2840,2840,2840,2840,2840,2840,164,164,164,164,164,164,164,164,164,164,164,164,164,164,164,164,1067,1067,1067,1067,1067,1067,1067,1067,1067,1067,1067,1067,1067,1067,1067,3791,3791,3791,3791,3791,3791,3791,3791,3791,3791,3791,3791,3791,3791
2,2,2,2,2,2,2,2,2,2,2,2,3645,3645,3645,3645,3645,3645,3645,3645,3645,3645,3645,3645,3645,3645,3645,3197,3197,3197,3197,3197,3197,3197,3197,3197,3197,3197,3197,3197,3197,3197,3197,435,435,435,435,435,435,435,435,435,435,435,435,435,435,435,731,731,731,731,731,731,731,731,731,731,731,731,731,731,731,731,3457,3457,3457,3457,3457,3457,3457,3457,3457,3457,3457,3457,3457,3457,3457,3328
3,3,3,3,3,3,3,3,3,3,3,3,3,3,3,3888,3888,3888,3888,3888,3888,3888,3888,3888,3888,3888,3888,3888,3888,3888,2671,2671,2671,2671,2671,2671,2671,2671,2671,2671,2671,2671,2671,2671,2671,2671,161,161,161,161,161,161,161,161,161,161,161,161,161,161,161,1245,1245,1245,1245,1245,1245,1245,1245,1245,1245,1245,1245,1245,1245,1245,3796,3796,3796,3796,3796,3796,3796,3796,3796,3796,3796,3796,3796,3796
2,2,2,2196,2196,2196,2196,2196,2196,2196,2196,2196,2196,2196,2196,2196,2196,2196,2196,3999,3999,3999,3999,3999,3999,3999,3999,3999,3999,3999,3999,3999,3999,3999,1886,1886,1886,1886,1886,1886,1886,1886,1886,1886,1886,1886,1886,1886,1886,4,4,4,4,4,4,4,4,4,4,4,4,4,4,4,4,2018,2018,2018,2018,2018,2018,2018,2018,2018,2018,2018,2018,2018,2018,2018,3996,3996,3996,3996,3996,3996,3996,3996,3996,3996
3,3,3,3,3,2450,2450,2450,2450,2450,2450,2450,2450,2450,2450,2450,2450,2450,2450,2450,3949,3949,3949,3949,3949,3949,3949,3949,3949,3949,3949,3949,3949,3949,3949,3949,1680,1680,1680,1680,1680,1680,1680,1680,1680,1680,1680,1680,1680,1680,1680,5,5,5,5,5,5,5,5,5,5,5,5,5,5,5,2230,2230,2230,2230,2230,2230,2230,2230,2230,2230,2230,2230,2230,2230,2230,2230,3981,3981,3981,3981,3981,3981,3981,3981
2,2,2,2,2,2,2,2,2,2,2,2,3567,3567,3567,3567,3567,3567,3567,3567,3567,3567,3567,3567,3567,3567,3567,3208,3208,3208,3208,3208,3208,3208,3208,3208,3208,3208,3208,3208,3208,3208,481,481,481,481,481,481,481,481,481,481,481,481,481,481,481,481,688,688,688,688,688,688,688,688,688,688,688,688,688,688,688,3457,3457,3457,3457,3457,3457,3457,3457,3457,3457,3457,3457,3457,3457,3457,3457,3468
2,2,2,2,2,2,2,2951,2951,2951,2951,2951,2951,2951,2951,2951,2951,2951,2951,2951,2951,2951,3819,3819,3819,3819,3819,3819,3819,3819,3819,3819,3819,3819,3819,3819,3819,3819,1139,1139,1139,1139,1139,1139,1139,1139,1139,1139,1139,1139,1139,1139,1139,143,143,143,143,143,143,143,143,143,143,143,143,143,143,143,143,2765,2765,2765,2765,2765,2765,2765,2765,2765,2765,2765,2765,2765,2765,2765,3880,3880,3880,3880,3880,3880
2,2,2,2,2,2,2,2,2,2,2,2,2,2,2,3865,3865,3865,3865,3865,3865,3865,3865,3865,3865,3865,3865,3865,3865,3865,2673,2673,2673,2673,2673,2673,2673,2673,2673,2673,2673,2673,2673,2673,2673,163,163,163,163,163,163,163,163,163,163,163,163,163,163,163,163,1243,1243,1243,1243,1243,1243,1243,1243,1243,1243,1243,1243,1243,1243,1243,3796,3796,3796,3796,3796,3796,3796,3796,3796,3796,3796,3796,3796,3796
2,2,2,2,2,2,2,2,2,2,2,2,2,2,3787,3787,3787,3787,3787,3787,3787,3787,3787,3787,3787,3787,3787,3787,3787,2856,2856,2856,2856,2856,2856,2856,2856,2856,2856,2856,2856,2856,2856,2856,2856,252,252,252,252,252,252,252,252,252,252,252,252,252,252,252,1064,1064,1064,1064,1064,1064,1064,1064,1064,1064,1064,1064,1064,1064,1064,3701,3701,3701,3701,3701,3701,3701,3701,3701,3701,3701,3701,3701,3701,3701
1,1,1,1,1,1,1,1,1,1,1,1,3681,3681,3681,3681,3681,3681,3681,3681,3681,3681,3681,3681,3681,3681,3681,3681,3196,3196,3196,3196,3196,3196,3196,3196,3196,3196,3196,3196,3196,3196,3196,361,361,361,361,361,361,361,361,361,361,361,361,361,361,361,732,732,732,732,732,732,732,732,732,732,732,732,732,732,732,732,3582,3582,3582,3582,3582,3582,3582,3582,3582,3582,3582,3582,3582,3582,3582,3325
3,3,3,3,3,3,3,3,3,3,3,3,3,3,3864,3864,3864,3864,3864,3864,3864,3864,3864,3864,3864,3864,3864,3864,3864,3864,2763,2763,2763,2763,2763,2763,2763,2763,2763,2763,2763,2763,2763,2763,2763,161,161,161,161,161,161,161,161,161,161,161,161,161,161,161,161,1148,1148,1148,1148,1148,1148,1148,1148,1148,1148,1148,1148,1148,1148,1148,3796,3796,3796,3796,3796,3796,3796,3796,3796,3796,3796,3796,3796,3796
2,2,2,2,2,2,2,2,2,2,2,2,2,2,2,3872,3872,3872,3872,3872,3872,3872,3872,3872,3872,3872,3872,3872,3872,3872,2672,2672,2672,2672,2672,2672,2672,2672,2672,2672,2672,2672,2672,2672,2672,2672,162,162,162,162,162,162,162,162,162,162,162,162,162,162,162,1246,1246,1246,1246,1246,1246,1246,1246,1246,1246,1246,1246,1246,1246,1246,3796,3796,3796,3796,3796,3796,3796,3796,3796,3796,3796,3796,3796,3796
3,3,3,2197,2197,2197,2197,2197,2197,2197,2197,2197,2197,2197,2197,2197,2197,2197,2197,3999,3999,3999,3999,3999,3999,3999,3999,3999,3999,3999,3999,3999,3999,3999,1886,1886,1886,1886,1886,1886,1886,1886,1886,1886,1886,1886,1886,1886,1886,3,3,3,3,3,3,3,3,3,3,3,3,3,3,3,3,2022,2022,2022,2022,2022,2022,2022,2022,2022,2022,2022,2022,2022,2022,2022,3997,3997,3997,3997,3997,3997,3997,3997,3997,3997
2,2,2,2,2,2,2,2,2,2,3369,3369,3369,3369,3369,3369,3369,3369,3369,3369,3369,3369,3369,3369,3369,3492,3492,3492,3492,3492,3492,3492,3492,3492,3492,3492,3492,3492,3492,3492,3492,771,771,771,771,771,771,771,771,771,771,771,771,771,771,771,446,446,446,446,446,446,446,446,446,446,446,446,446,446,446,3155,3155,3155,3155,3155,3155,3155,3155,3155,3155,3155,3155,3155,3155,3155,3155,3608,3608,3608
1,1,1,1,1,1,1,1,1,1,1,1,3665,3665,3665,3665,3665,3665,3665,3665,3665,3665,3665,3665,3665,3665,3665,3196,3196,3196,3196,3196,3196,3196,3196,3196,3196,3196,3196,3196,3196,3196,3196,417,417,417,417,417,417,417,417,417,417,417,417,417,417,417,732,732,732,732,732,732,732,732,732,732,732,732,732,732,732,732,3458,3458,3458,3458,3458,3458,3458,3458,3458,3458,3458,3458,3458,3458,3458,3328
2,2,2,2,2,2,2,2,2,2,2,2,2,2,2,3927,3927,3927,3927,3927,3927,3927,3927,3927,3927,3927,3927,3927,3927,3927,3927,2571,2571,2571,2571,2571,2571,2571,2571,2571,2571,2571,2571,2571,2571,2571,92,92,92,92,92,92,92,92,92,92,92,92,92,92,92,92,1255,1255,1255,1255,1255,1255,1255,1255,1255,1255,1255,1255,1255,1255,1255,3874,3874,3874,3874,3874,3874,3874,3874,3874,3874,3874,3874,3874
2,2,2,2,2,2,2,2,3126,3126,3126,3126,3126,3126,3126,3126,3126,3126,3126,3126,3126,3126,3126,3126,3725,3725,3725,3725,3725,3725,3725,3725,3725,3725,3725,3725,3725,3725,3725,941,941,941,941,941,941,941,941,941,941,941,941,941,941,941,227,227,227,227,227,227,227,227,227,227,227,227,227,227,227,227,2979,2979,2979,2979,2979,2979,2979,2979,2979,2979,2979,2979,2979,2979,2979,3804,3804,3804,3804,3804
2,2,2,2,2,2,2,2,2,3125,3125,3125,3125,3125,3125,3125,3125,3125,3125,3125,3125,3125,3125,3125,3622,3622,3622,3622,3622,3622,3622,3622,3622,3622,3622,3622,3622,3622,3622,935,935,935,935,935,935,935,935,935,935,935,935,935,935,935,935,320,320,320,320,320,320,320,320,320,320,320,320,320,320,320,2987,2987,2987,2987,2987,2987,2987,2987,2987,2987,2987,2987,2987,2987,2987,2987,3728,3728,3728,3728
2,2,2,2,2,2,2,2,2,3287,3287,3287,3287,3287,3287,3287,3287,3287,3287,3287,3287,3287,3287,3287,3287,3581,3581,3581,3581,3581,3581,3581,3581,3581,3581,3581,3581,3581,3581,3581,773,773,773,773,773,773,773,773,773,773,773,773,773,773,773,773,330,330,330,330,330,330,330,330,330,330,330,330,330,330,330,3150,3150,3150,3150,3150,3150,3150,3150,3150,3150,3150,3150,3150,3150,3150,3708,3708,3708,3708
2,2,1,1,1,1,1,1,1,1,1,1,1,1,1,1,1,3995,3995,3995,3995,3995,3995,3995,3995,3995,3995,3995,3995,3995,3995,3995,3995,2279,2279,2279,2279,2279,2279,2279,2279,2279,2279,2279,2279,2279,2279,2279,12,12,12,12,12,12,12,12,12,12,12,12,12,12,12,1632,1632,1632,1632,1632,1632,1632,1632,1632,1632,1632,1632,1632,1632,1632,1632,3974,3974,3974,3974,3974,3974,3974,3974,3974,3974,3974
0,0,0,0,0,2541,2541,2541,2541,2541,2541,2541,2541,2541,2541,2541,2541,2541,2541,2541,3949,3949,3949,3949,3949,3949,3949,3949,3949,3949,3949,3949,3949,3949,3949,3949,1634,1634,1634,1634,1634,1634,1634,1634,1634,1634,1634,1634,1634,1634,1634,6,6,6,6,6,6,6,6,6,6,6,6,6,6,6,6,2231,2231,2231,2231,2231,2231,2231,2231,2231,2231,2231,2231,2231,2231,2231,3980,3980,3980,3980,3980,3980,3980,3980
2,2,2,2,2,2,2,2,2,2,2,2,3680,3680,3680,3680,3680,3680,3680,3680,3680,3680,3680,3680,3680,3680,3680,3196,3196,3196,3196,3196,3196,3196,3196,3196,3196,3196,3196,3196,3196,3196,3196,365,365,365,365,365,365,365,365,365,365,365,365,365,365,365,730,730,730,730,730,730,730,730,730,730,730,730,730,730,730,730,3573,3573,3573,3573,3573,3573,3573,3573,3573,3573,3573,3573,3573,3573,3573,3326
3,3,3,3,3,3,3,2951,2951,2951,2951,2951,2951,2951,2951,2951,2951,2951,2951,2951,2951,2951,3819,3819,3819,3819,3819,3819,3819,3819,3819,3819,3819,3819,3819,3819,3819,3819,1130,1130,1130,1130,1130,1130,1130,1130,1130,1130,1130,1130,1130,1130,1130,142,142,142,142,142,142,142,142,142,142,142,142,142,142,142,142,2768,2768,2768,2768,2768,2768,2768,2768,2768,2768,2768,2768,2768,2768,2768,3881,3881,3881,3881,3881,3881
2,2,2,2,2,2,2,2956,2956,2956,2956,2956,2956,2956,2956,2956,2956,2956,2956,2956,2956,2956,2956,3819,3819,3819,3819,3819,3819,3819,3819,3819,3819,3819,3819,3819,3819,3819,1116,1116,1116,1116,1116,1116,1116,1116,1116,1116,1116,1116,1116,1116,1116,143,143,143,143,143,143,143,143,143,143,143,143,143,143,143,143,2805,2805,2805,2805,2805,2805,2805,2805,2805,2805,2805,2805,2805,2805,2805,3880,3880,3880,3880,3880,3880
1,1,1,1,1,1,1,2957,2957,2957,2957,2957,2957,2957,2957,2957,2957,2957,2957,2957,2957,2957,2957,3795,3795,3795,3795,3795,3795,3795,3795,3795,3795,3795,3795,3795,3795,3795,1112,1112,1112,1112,1112,1112,1112,1112,1112,1112,1112,1112,1112,1112,1112,1112,142,142,142,142,142,142,142,142,142,142,142,142,142,142,142,2807,2807,2807,2807,2807,2807,2807,2807,2807,2807,2807,2807,2807,2807,2807,2807,3880,3880,3880,3880,3880
2,2,2,2,2,2,2,2,2,2,3431,3431,3431,3431,3431,3431,3431,3431,3431,3431,3431,3431,3431,3431,3431,3493,3493,3493,3493,3493,3493,3493,3493,3493,3493,3493,3493,3493,3493,3493,3493,634,634,634,634,634,634,634,634,634,634,634,634,634,634,634,448,448,448,448,448,448,448,448,448,448,448,448,448,448,448,448,3281,3281,3281,3281,3281,3281,3281,3281,3281,3281,3281,3281,3281,3281,3281,3597,3597,3597
0,0,0,0,0,0,0,0,0,0,0,3555,3555,3555,3555,3555,3555,3555,3555,3555,3555,3555,3555,3555,3555,3555,3350,3350,3350,3350,3350,3350,3350,3350,3350,3350,3350,3350,3350,3350,3350,3350,502,502,502,502,502,502,502,502,502,502,502,502,502,502,502,584,584,584,584,584,584,584,584,584,584,584,584,584,584,584,584,3429,3429,3429,3429,3429,3429,3429,3429,3429,3429,3429,3429,3429,3429,3429,3468,3468
2,2,2,2,2,2,2,2,2,2,2,3567,3567,3567,3567,3567,3567,3567,3567,3567,3567,3567,3567,3567,3567,3567,3567,3235,3235,3235,3235,3235,3235,3235,3235,3235,3235,3235,3235,3235,3235,3235,481,481,481,481,481,481,481,481,481,481,481,481,481,481,481,481,635,635,635,635,635,635,635,635,635,635,635,635,635,635,635,3456,3456,3456,3456,3456,3456,3456,3456,3456,3456,3456,3456,3456,3456,3456,3456,3467
2,2,2,2,2,2,2,2,2,2,2,2,2,2,2,3927,3927,3927,3927,3927,3927,3927,3927,3927,3927,3927,3927,3927,3927,3927,3927,2489,2489,2489,2489,2489,2489,2489,2489,2489,2489,2489,2489,2489,2489,2489,92,92,92,92,92,92,92,92,92,92,92,92,92,92,92,92,1417,1417,1417,1417,1417,1417,1417,1417,1417,1417,1417,1417,1417,1417,1417,3875,3875,3875,3875,3875,3875,3875,3875,3875,3875,3875,3875,3875
1,1,1,1,1,1,1,1,3128,3128,3128,3128,3128,3128,3128,3128,3128,3128,3128,3128,3128,3128,3128,3128,3647,3647,3647,3647,3647,3647,3647,3647,3647,3647,3647,3647,3647,3647,3647,936,936,936,936,936,936,936,936,936,936,936,936,936,936,936,936,253,253,253,253,253,253,253,253,253,253,253,253,253,253,253,2986,2986,2986,2986,2986,2986,2986,2986,2986,2986,2986,2986,2986,2986,2986,2986,3803,3803,3803,3803
2,2,2,2,2395,2395,2395,2395,2395,2395,2395,2395,2395,2395,2395,2395,2395,2395,2395,2395,3960,3960,3960,3960,3960,3960,3960,3960,3960,3960,3960,3960,3960,3960,3960,1681,1681,1681,1681,1681,1681,1681,1681,1681,1681,1681,1681,1681,1681,1681,1681,4,4,4,4,4,4,4,4,4,4,4,4,4,4,4,2233,2233,2233,2233,2233,2233,2233,2233,2233,2233,2233,2233,2233,2233,2233,2233,3998,3998,3998,3998,3998,3998,3998,3998
2,2,2,2,2,2,2,2,3125,3125,3125,3125,3125,3125,3125,3125,3125,3125,3125,3125,3125,3125,3125,3125,3726,3726,3726,3726,3726,3726,3726,3726,3726,3726,3726,3726,3726,3726,3726,943,943,943,943,943,943,943,943,943,943,943,943,943,943,943,225,225,225,225,225,225,225,225,225,225,225,225,225,225,225,225,2977,2977,2977,2977,2977,2977,2977,2977,2977,2977,2977,2977,2977,2977,2977,3804,3804,3804,3804,3804
1,1,2,2,2,2,2,2,2,2,2,2,2,2,2,2,2,3994,3994,3994,3994,3994,3994,3994,3994,3994,3994,3994,3994,3994,3994,3994,3994,2280,2280,2280,2280,2280,2280,2280,2280,2280,2280,2280,2280,2280,2280,2280,13,13,13,13,13,13,13,13,13,13,13,13,13,13,13,1633,1633,1633,1633,1633,1633,1633,1633,1633,1633,1633,1633,1633,1633,1633,1633,3971,3971,3971,3971,3971,3971,3971,3971,3971,3971,3971
1,1,1,1,1,1,1,1,1,1,1,1,1,1,1,1,3964,3964,3964,3964,3964,3964,3964,3964,3964,3964,3964,3964,3964,3964,3964,2477,2477,2477,2477,2477,2477,2477,2477,2477,2477,2477,2477,2477,2477,2477,2477,71,71,71,71,71,71,71,71,71,71,71,71,71,71,71,1437,1437,1437,1437,1437,1437,1437,1437,1437,1437,1437,1437,1437,1437,1437,1437,3876,3876,3876,3876,3876,3876,3876,3876,3876,3876,3876,3876
2,2,2,2,2,2,2,2,2,2,2,2,2,2,3858,3858,3858,3858,3858,3858,3858,3858,3858,3858,3858,3858,3858,3858,3858,2855,2855,2855,2855,2855,2855,2855,2855,2855,2855,2855,2855,2855,2855,2855,2855,177,177,177,177,177,177,177,177,177,177,177,177,177,177,177,1067,1067,1067,1067,1067,1067,1067,1067,1067,1067,1067,1067,1067,1067,1067,1067,3751,3751,3751,3751,3751,3751,3751,3751,3751,3751,3751,3751,3751,3751
2,2,2,2,2,2,2,2,2,2,2,2,2,2,2,2,3971,3971,3971,3971,3971,3971,3971,3971,3971,3971,3971,3971,3971,3971,3971,3971,2477,2477,2477,2477,2477,2477,2477,2477,2477,2477,2477,2477,2477,2477,2477,43,43,43,43,43,43,43,43,43,43,43,43,43,43,43,43,1437,1437,1437,1437,1437,1437,1437,1437,1437,1437,1437,1437,1437,1437,1437,3933,3933,3933,3933,3933,3933,3933,3933,3933,3933,3933,3933
2,2,2,2,2,2,2,2,2,2,2,2,2,2,2,3911,3911,3911,3911,3911,3911,3911,3911,3911,3911,3911,3911,3911,3911,3911,2669,2669,2669,2669,2669,2669,2669,2669,2669,2669,2669,2669,2669,2669,2669,2669,115,115,115,115,115,115,115,115,115,115,115,115,115,115,115,1248,1248,1248,1248,1248,1248,1248,1248,1248,1248,1248,1248,1248,1248,1248,1248,3830,3830,3830,3830,3830,3830,3830,3830,3830,3830,3830,3830,3830
3,3,3,2197,2197,2197,2197,2197,2197,2197,2197,2197,2197,2197,2197,2197,2197,2197,2197,3989,3989,3989,3989,3989,3989,3989,3989,3989,3989,3989,3989,3989,3989,3989,1882,1882,1882,1882,1882,1882,1882,1882,1882,1882,1882,1882,1882,1882,1882,1882,3,3,3,3,3,3,3,3,3,3,3,3,3,3,3,2031,2031,2031,2031,2031,2031,2031,2031,2031,2031,2031,2031,2031,2031,2031,2031,3997,3997,3997,3997,3997,3997,3997,3997,3997
2,2,2,2,2,2,2778,2778,2778,2778,2778,2778,2778,2778,2778,2778,2778,2778,2778,2778,2778,2778,3825,3825,3825,3825,3825,3825,3825,3825,3825,3825,3825,3825,3825,3825,3825,1299,1299,1299,1299,1299,1299,1299,1299,1299,1299,1299,1299,1299,1299,1299,1299,138,138,138,138,138,138,138,138,138,138,138,138,138,138,138,2622,2622,2622,2622,2622,2622,2622,2622,2622,2622,2622,2622,2622,2622,2622,2622,3887,3887,3887,3887,3887,3887
2,2,2,2,2,2,2,2,3094,3094,3094,3094,3094,3094,3094,3094,3094,3094,3094,3094,3094,3094,3094,3726,3726,3726,3726,3726,3726,3726,3726,3726,3726,3726,3726,3726,3726,3726,3726,1061,1061,1061,1061,1061,1061,1061,1061,1061,1061,1061,1061,1061,1061,1061,227,227,227,227,227,227,227,227,227,227,227,227,227,227,227,227,2808,2808,2808,2808,2808,2808,2808,2808,2808,2808,2808,2808,2808,2808,2808,3807,3807,3807,3807,3807
2,2,2,2,2,2,2,2,2,3126,3126,3126,3126,3126,3126,3126,3126,3126,3126,3126,3126,3126,3126,3126,3619,3619,3619,3619,3619,3619,3619,3619,3619,3619,3619,3619,3619,3619,3619,934,934,934,934,934,934,934,934,934,934,934,934,934,934,934,934,321,321,321,321,321,321,321,321,321,321,321,321,321,321,321,2984,2984,2984,2984,2984,2984,2984,2984,2984,2984,2984,2984,2984,2984,2984,2984,3731,3731,3731,3731
2,2,2,2,2,2,2,2,2,2,2,2,2,3779,3779,3779,3779,3779,3779,3779,3779,3779,3779,3779,3779,3779,3779,3779,3779,2915,2915,2915,2915,2915,2915,2915,2915,2915,2915,2915,2915,2915,2915,2915,252,252,252,252,252,252,252,252,252,252,252,252,252,252,252,252,904,904,904,904,904,904,904,904,904,904,904,904,904,904,904,3699,3699,3699,3699,3699,3699,3699,3699,3699,3699,3699,3699,3699,3699,3699
4,4,3,3,3,3,3,3,3,3,3,3,3,3,3,3,3,3992,3992,3992,3992,3992,3992,3992,3992,3992,3992,3992,3992,3992,3992,3992,3992,2279,2279,2279,2279,2279,2279,2279,2279,2279,2279,2279,2279,2279,2279,2279,5,5,5,5,5,5,5,5,5,5,5,5,5,5,5,1633,1633,1633,1633,1633,1633,1633,1633,1633,1633,1633,1633,1633,1633,1633,1633,3974,3974,3974,3974,3974,3974,3974,3974,3974,3974,3974
3,3,3,3,3,3,3,3,3,3,3,3,3,3,3861,3861,3861,3861,3861,3861,3861,3861,3861,3861,3861,3861,3861,3861,3861,2853,2853,2853,2853,2853,2853,2853,2853,2853,2853,2853,2853,2853,2853,2853,2853,170,170,170,170,170,170,170,170,170,170,170,170,170,170,170,1068,1068,1068,1068,1068,1068,1068,1068,1068,1068,1068,1068,1068,1068,1068,1068,3768,3768,3768,3768,3768,3768,3768,3768,3768,3768,3768,3768,3768,3768
2,2,2,2,2,2,2777,2777,2777,2777,2777,2777,2777,2777,2777,2777,2777,2777,2777,2777,2777,2777,3835,3835,3835,3835,3835,3835,3835,3835,3835,3835,3835,3835,3835,3835,3835,1293,1293,1293,1293,1293,1293,1293,1293,1293,1293,1293,1293,1293,1293,1293,1293,105,105,105,105,105,105,105,105,105,105,105,105,105,105,105,2621,2621,2621,2621,2621,2621,2621,2621,2621,2621,2621,2621,2621,2621,2621,2621,3938,3938,3938,3938,3938,3938
2,2,2,2,2,2,2,2,2,2,2,2,2,2,2,3925,3925,3925,3925,3925,3925,3925,3925,3925,3925,3925,3925,3925,3925,3925,2668,2668,2668,2668,2668,2668,2668,2668,2668,2668,2668,2668,2668,2668,2668,2668,98,98,98,98,98,98,98,98,98,98,98,98,98,98,98,1249,1249,1249,1249,1249,1249,1249,1249,1249,1249,1249,1249,1249,1249,1249,1249,3857,3857,3857,3857,3857,3857,3857,3857,3857,3857,3857,3857,3857
2,2,2,2,2,2,2,2778,2778,2778,2778,2778,2778,2778,2778,2778,2778,2778,2778,2778,2778,2778,3823,3823,3823,3823,3823,3823,3823,3823,3823,3823,3823,3823,3823,3823,3823,1295,1295,1295,1295,1295,1295,1295,1295,1295,1295,1295,1295,1295,1295,1295,1295,133,133,133,133,133,133,133,133,133,133,133,133,133,133,133,2621,2621,2621,2621,2621,2621,2621,2621,2621,2621,2621,2621,2621,2621,2621,2621,3916,3916,3916,3916,3916,3916
0,0,0,0,0,0,0,2957,2957,2957,2957,2957,2957,2957,2957,2957,2957,2957,2957,2957,2957,2957,2957,3730,3730,3730,3730,3730,3730,3730,3730,3730,3730,3730,3730,3730,3730,3730,1111,1111,1111,1111,1111,1111,1111,1111,1111,1111,1111,1111,1111,1111,1111,1111,218,218,218,218,218,218,218,218,218,218,218,218,218,218,218,2808,2808,2808,2808,2808,2808,2808,2808,2808,2808,2808,2808,2808,2808,2808,2808,3826,3826,3826,3826,3826
2,2,2,2,2,2,2,2,2,2,2,2,2,2,2,3928,3928,3928,3928,3928,3928,3928,3928,3928,3928,3928,3928,3928,3928,3928,3928,2565,2565,2565,2565,2565,2565,2565,2565,2565,2565,2565,2565,2565,2565,2565,93,93,93,93,93,93,93,93,93,93,93,93,93,93,93,93,1252,1252,1252,1252,1252,1252,1252,1252,1252,1252,1252,1252,1252,1252,1252,3873,3873,3873,3873,3873,3873,3873,3873,3873,3873,3873,3873,3873
1,1,1,1,1,1,1,1,1,1,1,1,1,1,3855,3855,3855,3855,3855,3855,3855,3855,3855,3855,3855,3855,3855,3855,3855,2854,2854,2854,2854,2854,2854,2854,2854,2854,2854,2854,2854,2854,2854,2854,2854,203,203,203,203,203,203,203,203,203,203,203,203,203,203,203,1066,1066,1066,1066,1066,1066,1066,1066,1066,1066,1066,1066,1066,1066,1066,1066,3701,3701,3701,3701,3701,3701,3701,3701,3701,3701,3701,3701,3701,3701
2,2,2,2197,2197,2197,2197,2197,2197,2197,2197,2197,2197,2197,2197,2197,2197,2197,2197,3990,3990,3990,3990,3990,3990,3990,3990,3990,3990,3990,3990,3990,3990,3990,1880,1880,1880,1880,1880,1880,1880,1880,1880,1880,1880,1880,1880,1880,1880,1880,4,4,4,4,4,4,4,4,4,4,4,4,4,4,4,2030,2030,2030,2030,2030,2030,2030,2030,2030,2030,2030,2030,2030,2030,2030,2030,4003,4003,4003,4003,4003,4003,4003,4003,4003
2,2,2,2,2,2,2,2,2,2,2,2,2,2,3862,3862,3862,3862,3862,3862,3862,3862,3862,3862,3862,3862,3862,3862,3862,3862,2854,2854,2854,2854,2854,2854,2854,2854,2854,2854,2854,2854,2854,2854,2854,165,165,165,165,165,165,165,165,165,165,165,165,165,165,165,1066,1066,1066,1066,1066,1066,1066,1066,1066,1066,1066,1066,1066,1066,1066,1066,3789,3789,3789,3789,3789,3789,3789,3789,3789,3789,3789,3789,3789,3789
2,2,2,2,2,2589,2589,2589,2589,2589,2589,2589,2589,2589,2589,2589,2589,2589,2589,2589,2589,3917,3917,3917,3917,3917,3917,3917,3917,3917,3917,3917,3917,3917,3917,3917,1486,1486,1486,1486,1486,1486,1486,1486,1486,1486,1486,1486,1486,1486,1486,1486,34,34,34,34,34,34,34,34,34,34,34,34,34,34,34,2426,2426,2426,2426,2426,2426,2426,2426,2426,2426,2426,2426,2426,2426,2426,3979,3979,3979,3979,3979,3979,3979,3979
2,2,2,2,2391,2391,2391,2391,2391,2391,2391,2391,2391,2391,2391,2391,2391,2391,2391,3983,3983,3983,3983,3983,3983,3983,3983,3983,3983,3983,3983,3983,3983,3983,3983,1699,1699,1699,1699,1699,1699,1699,1699,1699,1699,1699,1699,1699,1699,1699,3,3,3,3,3,3,3,3,3,3,3,3,3,3,3,3,2192,2192,2192,2192,2192,2192,2192,2192,2192,2192,2192,2192,2192,2192,2192,3997,3997,3997,3997,3997,3997,3997,3997,3997
3,3,3,3,3,3,3,3,3,3,3,3551,3551,3551,3551,3551,3551,3551,3551,3551,3551,3551,3551,3551,3551,3551,3350,3350,3350,3350,3350,3350,3350,3350,3350,3350,3350,3350,3350,3350,3350,3350,520,520,520,520,520,520,520,520,520,520,520,520,520,520,520,584,584,584,584,584,584,584,584,584,584,584,584,584,584,584,584,3361,3361,3361,3361,3361,3361,3361,3361,3361,3361,3361,3361,3361,3361,3361,3469,3469
3,3,3,3,3,3,3,2866,2866,2866,2866,2866,2866,2866,2866,2866,2866,2866,2866,2866,2866,2866,3819,3819,3819,3819,3819,3819,3819,3819,3819,3819,3819,3819,3819,3819,3819,3819,1294,1294,1294,1294,1294,1294,1294,1294,1294,1294,1294,1294,1294,1294,1294,141,141,141,141,141,141,141,141,141,141,141,141,141,141,141,2621,2621,2621,2621,2621,2621,2621,2621,2621,2621,2621,2621,2621,2621,2621,2621,3887,3887,3887,3887,3887,3887
